# name: debug
# type: sparse matrix
# nnz: 1620
# rows: 42
# columns: 42

1 1 20617.3547
2 1 -2783.55677
3 1 151.22226
4 1 46543.5289
5 1 508083.886
6 1 62393.6202
7 1 -18660.2278
8 1 1908.53255
9 1 -1021.28422
10 1 -18478.3719
11 1 -351485.87
12 1 -44911.3751
13 1 -1693.20358
14 1 121.994458
15 1 -3.92950019
16 1 800.296132
17 1 -26480.1535
18 1 -12327.515
19 1 456.428776
20 1 1315.67943
21 1 372.239631
22 1 -13873.2584
23 1 4579.485
24 1 574.473761
25 1 631.540224
26 1 -251.784797
27 1 -26.6361195
28 1 2472.65971
29 1 6297.22212
30 1 -743.369873
31 1 -968.538524
32 1 -420.149263
33 1 645.821619
34 1 3158.23011
35 1 -8519.57963
36 1 -806.147639
1 2 -2783.55677
2 2 38569.7997
3 2 1206.24648
4 2 -901411.661
5 2 -44939.6706
6 2 -20494.1676
7 2 2856.6763
8 2 -30080.0102
9 2 -962.434752
10 2 525234.634
11 2 40663.0423
12 2 30138.3638
13 2 -215.724334
14 2 -5925.03649
15 2 254.731115
16 2 78615.382
17 2 -13038.6106
18 2 -16574.7986
19 2 329.670218
20 2 -1702.1709
21 2 -162.586224
22 2 22045.102
23 2 2552.18851
24 2 468.734409
25 2 -307.405897
26 2 -515.278312
27 2 82.4057019
28 2 5185.46653
29 2 -3112.54627
30 2 -94.070646
31 2 211.434809
32 2 -330.926018
33 2 -85.4377391
34 2 1999.25187
35 2 1648.0288
36 2 -1435.71413
1 3 151.22226
2 3 1206.24648
3 3 582.786998
4 3 -29542.8265
5 3 3523.81001
6 3 -1604.15064
7 3 177.069049
8 3 -1261.63331
9 3 -856.902187
10 3 24108.8881
11 3 1464.31027
12 3 2522.40275
13 3 -186.702622
14 3 57.0208635
15 3 156.147098
16 3 -1606.7093
17 3 -3726.57787
18 3 -579.212742
19 3 266.392065
20 3 248.241148
21 3 86.7766323
22 3 -2538.18341
23 3 3125.36686
24 3 -63.1496322
25 3 286.827028
26 3 -91.8793255
27 3 -14.2089099
28 3 898.092034
29 3 2860.96629
30 3 -323.444872
31 3 -416.520115
32 3 -166.166789
33 3 275.827554
34 3 1265.83669
35 3 -3656.56998
36 3 -291.319874
1 4 46543.5289
2 4 -901411.661
3 4 -29542.8265
4 4 21946163.8
5 4 658586.352
6 4 -70130.3944
7 4 -59263.3073
8 4 697887.369
9 4 25525.4233
10 4 -13024357.7
11 4 -871160.955
12 4 -200382.752
13 4 14878.2694
14 4 141957.254
15 4 -8750.7068
16 4 -1920295.15
17 4 464405.738
18 4 415551.3
19 4 -6974.22883
20 4 41802.6108
21 4 3666.72892
22 4 -556326.148
23 4 -53322.3766
24 4 -11.9941845
25 4 7302.35974
26 4 11638.037
27 4 -1890.93312
28 4 -117144.704
29 4 73897.0002
30 4 1845.41783
31 4 -5213.1161
32 4 7510.31139
33 4 2191.83646
34 4 -45164.8844
35 4 -40958.886
36 4 32924.0816
1 5 508083.886
2 5 -44939.6706
3 5 3523.81001
4 5 658586.352
5 5 12891241.4
6 5 1643143.42
7 5 -452984.152
8 5 30422.7283
9 5 -25483.4148
10 5 -205690.339
11 5 -8934048.89
12 5 -1182906.81
13 5 -44631.5163
14 5 -1038.54745
15 5 520.743896
16 5 67454.062
17 5 -723255.422
18 5 -341976.057
19 5 11418.2473
20 5 31186.6752
21 5 9350.60258
22 5 -335988.181
23 5 113306.846
24 5 12990.9363
25 5 17303.4718
26 5 -6622.36813
27 5 -759.94873
28 5 64980.4772
29 5 172555.373
30 5 -20184.3702
31 5 -26431.0386
32 5 -11324.0378
33 5 17605.6006
34 5 85285.6095
35 5 -232425.002
36 5 -21459.2102
1 6 62393.6202
2 6 -20494.1676
3 6 -1604.15064
4 6 -70130.3944
5 6 1643143.42
6 6 2032420.44
7 6 -49792.8088
8 6 -423.267055
9 6 -1398.56071
10 6 623493.034
11 6 -1045478.92
12 6 -1571352.84
13 6 -12674.5268
14 6 -1514.11839
15 6 1961.77276
16 6 -11785.7945
17 6 -211599.872
18 6 -226933.178
19 6 -783.68288
20 6 13379.7677
21 6 1304.8009
22 6 -167914.482
23 6 -4326.71587
24 6 -7746.86992
25 6 2471.13889
26 6 5443.91749
27 6 -806.838934
28 6 -54726.7318
29 6 25116.7711
30 6 1652.33136
31 6 -1294.86623
32 6 3562.48652
33 6 321.38682
34 6 -22014.1485
35 6 -9323.11086
36 6 14649.2606
1 7 -18660.2278
2 7 2856.6763
3 7 177.069049
4 7 -59263.3073
5 7 -452984.152
6 7 -49792.8088
7 7 44712.2794
8 7 -3940.8028
9 7 5485.69012
10 7 36061.7452
11 7 878998.465
12 7 62493.4206
13 7 -20109.7518
14 7 2205.96927
15 7 1208.45721
16 7 -7828.13349
17 7 -303583.936
18 7 -21490.6671
19 7 -2973.53671
20 7 908.612435
21 7 919.71433
22 7 -12050.2876
23 7 -43501.5735
24 7 -2851.04189
25 7 -1470.5305
26 7 -1226.41583
27 7 852.287473
28 7 10689.0407
29 7 -17950.0705
30 7 -2274.68184
31 7 -1377.10613
32 7 -366.276023
33 7 887.880661
34 7 3020.27504
35 7 -11997.6467
36 7 -264.912887
1 8 1908.53255
2 8 -30080.0102
3 8 -1261.63331
4 8 697887.369
5 8 30422.7283
6 8 -423.267055
7 8 -3940.8028
8 8 73587.9918
9 8 1788.48018
10 8 -1328937.93
11 8 -34268.2367
12 8 -125338.23
13 8 1879.03279
14 8 -34070.9754
15 8 -936.655487
16 8 465881.387
17 8 10560.2364
18 8 -87818.1149
19 8 -615.169095
20 8 -6262.61692
21 8 -244.38085
22 8 78978.4359
23 8 -8528.70263
24 8 -695.152872
25 8 -612.677886
26 8 -2524.33125
27 8 261.504353
28 8 24648.3415
29 8 -6729.09522
30 8 -9278.19823
31 8 334.016602
32 8 -667.577584
33 8 -115.941525
34 8 4079.4585
35 8 2530.92554
36 8 -2820.23455
1 9 -1021.28422
2 9 -962.434752
3 9 -856.902187
4 9 25525.4233
5 9 -25483.4148
6 9 -1398.56071
7 9 5485.69012
8 9 1788.48018
9 9 3112.1344
10 9 -38517.7806
11 9 119108.448
12 9 -1793.50845
13 9 -2470.65828
14 9 -220.174476
15 9 -827.571901
16 9 6770.93489
17 9 -37594.7461
18 9 -4999.94993
19 9 -673.365476
20 9 213.185929
21 9 250.85949
22 9 -2840.43694
23 9 -10344.0532
24 9 -1598.73874
25 9 -600.664424
26 9 -587.78661
27 9 337.262613
28 9 5176.97312
29 9 -6963.6114
30 9 -1117.5954
31 9 -887.433117
32 9 -189.496243
33 9 566.050549
34 9 1650.2602
35 9 -7708.18513
36 9 6.75456921
1 10 -18478.3719
2 10 525234.634
3 10 24108.8881
4 10 -13024357.7
5 10 -205690.339
6 10 623493.034
7 10 36061.7452
8 10 -1328937.93
9 10 -38517.7806
10 10 25372663.4
11 10 47072.7382
12 10 1710386.96
13 10 -15145.1449
14 10 630293.917
15 10 17105.5256
16 10 -9038078.81
17 10 33988.7362
18 10 1672563.55
19 10 13090.5278
20 10 115366.081
21 10 3955.47358
22 10 -1494776.68
23 10 174875.551
24 10 45782.6859
25 10 10830.5998
26 10 46785.6324
27 10 -4522.28033
28 10 -459075.417
29 10 121408.01
30 10 194558.959
31 10 -6582.22777
32 10 11109.6899
33 10 2553.64864
34 10 -67376.5145
35 10 -50900.453
36 10 47775.0458
1 11 -351485.87
2 11 40663.0423
3 11 1464.31027
4 11 -871160.955
5 11 -8934048.89
6 11 -1045478.92
7 11 878998.465
8 11 -34268.2367
9 11 119108.448
10 11 47072.7382
11 11 18038890.4
12 11 1351122.68
13 11 -394122.447
14 11 17280.177
15 11 20232.4655
16 11 140831.138
17 11 -6178544.22
18 11 -574670.291
19 11 -66008.5389
20 11 19025.7672
21 11 19878.8736
22 11 -267659.113
23 11 -998143.148
24 11 -60270.0597
25 11 -32959.2697
26 11 -25979.5105
27 11 19471.3764
28 11 225760.323
29 11 -409349.56
30 11 -51032.5777
31 11 -32786.8184
32 11 -8224.27431
33 11 21073.8837
34 11 68751.5336
35 11 -285397.171
36 11 -4414.97048
1 12 -44911.3751
2 12 30138.3638
3 12 2522.40275
4 12 -200382.752
5 12 -1182906.81
6 12 -1571352.84
7 12 62493.4206
8 12 -125338.23
9 12 -1793.50845
10 12 1710386.96
11 12 1351122.68
12 12 2963343.05
13 12 -22478.1789
14 12 15840.0741
15 12 2741.11079
16 12 -373780.633
17 12 -419656.333
18 12 -638075.38
19 12 1736.14232
20 12 48724.297
21 12 2300.96468
22 12 -615572.176
23 12 22314.6657
24 12 -15441.2104
25 12 6425.82464
26 12 23724.348
27 12 -2653.83559
28 12 -230971.898
29 12 66516.6243
30 12 68893.2307
31 12 -2126.26212
32 12 7499.5057
33 12 310.931555
34 12 -46643.2041
35 12 -14482.4416
36 12 30345.8263
1 13 -1693.20358
2 13 -215.724334
3 13 -186.702622
4 13 14878.2694
5 13 -44631.5163
6 13 -12674.5268
7 13 -20109.7518
8 13 1879.03279
9 13 -2470.65828
10 13 -15145.1449
11 13 -394122.447
12 13 -22478.1789
13 13 82837.7438
14 13 -5836.9322
15 13 17739.1068
16 13 44381.9383
17 13 1264508.57
18 13 10732.4067
19 13 -48639.9577
20 13 4163.41161
21 13 1783.4192
22 13 -29886.4434
23 13 -536616.041
24 13 -2.91574341
25 13 -9904.80572
26 13 195.026381
27 13 2997.28861
28 13 7428.3365
29 13 -86566.3893
30 13 10756.8215
31 13 -3961.04466
32 13 -1019.8017
33 13 1577.38118
34 13 11519.8092
35 13 -45615.5731
36 13 -697.656165
37 13 -768.369551
38 13 -25.188146
39 13 500.666133
40 13 481.6167
41 13 -8881.56461
42 13 292.309488
1 14 121.994458
2 14 -5925.03649
3 14 57.0208635
4 14 141957.254
5 14 -1038.54745
6 14 -1514.11839
7 14 2205.96927
8 14 -34070.9754
9 14 -220.174476
10 14 630293.917
11 14 17280.177
12 14 15840.0741
13 14 -5836.9322
14 14 105010.01
15 14 -1242.52367
16 14 -1498628.68
17 14 -37087.4959
18 14 -193239.151
19 14 1149.06076
20 14 -45561.0039
21 14 -857.772964
22 14 540897.956
23 14 -1193.50453
24 14 -37502.2059
25 14 3672.04677
26 14 -14905.5846
27 14 -1202.22883
28 14 143473.033
29 14 20912.1422
30 14 -35805.6524
31 14 -42.9753737
32 14 -3626.66587
33 14 71.7534472
34 14 36630.7495
35 14 -2282.96759
36 14 -11764.1741
37 14 253.892818
38 14 -801.938799
39 14 -110.236643
40 14 6452.56543
41 14 2643.6062
42 14 -4370.14723
1 15 -3.92950019
2 15 254.731115
3 15 156.147098
4 15 -8750.7068
5 15 520.743896
6 15 1961.77276
7 15 1208.45721
8 15 -936.655487
9 15 -827.571901
10 15 17105.5256
11 15 20232.4655
12 15 2741.11079
13 15 17739.1068
14 15 -1242.52367
15 15 8601.54781
16 15 18443.9591
17 15 297803.818
18 15 -7294.44244
19 15 -12208.6312
20 15 1704.63241
21 15 -508.63626
22 15 -17243.7492
23 15 -139944.988
24 15 -2163.83857
25 15 -4255.17182
26 15 621.117471
27 15 1416.21517
28 15 -1644.13355
29 15 -35810.938
30 15 5709.5828
31 15 -2739.28523
32 15 -628.069553
33 15 1032.71416
34 15 7296.00144
35 15 -31989.2618
36 15 -249.505634
37 15 -621.274064
38 15 27.0575655
39 15 401.588654
40 15 2.44081069
41 15 -7164.25173
42 15 486.476948
1 16 800.296132
2 16 78615.382
3 16 -1606.7093
4 16 -1920295.15
5 16 67454.062
6 16 -11785.7945
7 16 -7828.13349
8 16 465881.387
9 16 6770.93489
10 16 -9038078.81
11 16 140831.138
12 16 -373780.633
13 16 44381.9383
14 16 -1498628.68
15 16 18443.9591
16 16 22344171.2
17 16 84848.3983
18 16 3119686.22
19 16 -6350.24138
20 16 665459.159
21 16 10277.7577
22 16 -8238398.62
23 16 98048.5749
24 16 667728.123
25 16 -47121.453
26 16 217915.182
27 16 15922.8774
28 16 -2172508.82
29 16 -253827.778
30 16 534000.749
31 16 -763.836094
32 16 55751.7362
33 16 -334.181018
34 16 -573554.284
35 16 19156.6378
36 16 184969.739
37 16 -4987.98775
38 16 13808.3956
39 16 2298.31939
40 16 -110883.776
41 16 -52635.79
42 16 75589.5345
1 17 -26480.1535
2 17 -13038.6106
3 17 -3726.57787
4 17 464405.738
5 17 -723255.422
6 17 -211599.872
7 17 -303583.936
8 17 10560.2364
9 17 -37594.7461
10 17 33988.7362
11 17 -6178544.22
12 17 -419656.333
13 17 1264508.57
14 17 -37087.4959
15 17 297803.818
16 17 84848.3983
17 17 20477330.9
18 17 270778.492
19 17 -701889.833
20 17 48496.0129
21 17 15712.9178
22 17 -340458.364
23 17 -8195874.07
24 17 -113553.41
25 17 -155039.215
26 17 61.9472191
27 17 49069.7653
28 17 141159.64
29 17 -1378922.73
30 17 145204.579
31 17 -94264.3608
32 17 -23318.5675
33 17 35692.4454
34 17 259333.16
35 17 -1112175.82
36 17 -20659.5707
37 17 -21630.4164
38 17 -65.8819186
39 17 14050.4646
40 17 8309.60431
41 17 -249794.343
42 17 11621.2008
1 18 -12327.515
2 18 -16574.7986
3 18 -579.212742
4 18 415551.3
5 18 -341976.057
6 18 -226933.178
7 18 -21490.6671
8 18 -87818.1149
9 18 -4999.94993
10 18 1672563.55
11 18 -574670.291
12 18 -638075.38
13 18 10732.4067
14 18 -193239.151
15 18 -7294.44244
16 18 3119686.22
17 18 270778.492
18 18 3871553.29
19 18 16519.7975
20 18 144179.544
21 18 2487.07178
22 18 -1899243.94
23 18 181457.205
24 18 -576260.818
25 18 2344.87461
26 18 99557.5184
27 18 940.189308
28 18 -1104578.81
29 18 83952.0125
30 18 103617.834
31 18 5370.18471
32 18 42617.9033
33 18 -2579.97292
34 18 -456760.565
35 18 72518.7198
36 18 128094.219
37 18 -2670.62407
38 18 10901.7428
39 18 991.525453
40 18 -87998.2451
41 18 -26921.1234
42 18 58976.7319
1 19 456.428776
2 19 329.670218
3 19 266.392065
4 19 -6974.22883
5 19 11418.2473
6 19 -783.68288
7 19 -2973.53671
8 19 -615.169095
9 19 -673.365476
10 19 13090.5278
11 19 -66008.5389
12 19 1736.14232
13 19 -48639.9577
14 19 1149.06076
15 19 -12208.6312
16 19 -6350.24138
17 19 -701889.833
18 19 16519.7975
19 19 100560.188
20 19 -15459.0731
21 19 13130.9588
22 19 165743.524
23 19 1436530.92
24 19 -20777.7929
25 19 -38047.4556
26 19 12154.1482
27 19 2670.89507
28 19 -71327.6216
29 19 -409612.813
30 19 61366.4276
31 19 -10323.4499
32 19 1606.35942
33 19 2528.40935
34 19 -15106.7647
35 19 -150441.86
36 19 4284.04879
37 19 -2320.82173
38 19 247.988582
39 19 761.670925
40 19 -10127.6904
41 19 -81005.1146
42 19 -4219.43304
1 20 1315.67943
2 20 -1702.1709
3 20 248.241148
4 20 41802.6108
5 20 31186.6752
6 20 13379.7677
7 20 908.612435
8 20 -6262.61692
9 20 213.185929
10 20 115366.081
11 20 19025.7672
12 20 48724.297
13 20 4163.41161
14 20 -45561.0039
15 20 1704.63241
16 20 665459.159
17 20 48496.0129
18 20 144179.544
19 20 -15459.0731
20 20 115537.172
21 20 -3952.49873
22 20 -1597466.74
23 20 -168238.415
24 20 -192556.086
25 20 6887.38978
26 20 -50037.1043
27 20 -367.987568
28 20 539043.064
29 20 51866.1732
30 20 -123053.226
31 20 4070.72142
32 20 -9488.98885
33 20 -1036.67053
34 20 137516.083
35 20 46633.0859
36 20 -29562.222
37 20 -511.26102
38 20 -2356.11526
39 20 98.3294372
40 20 53640.8254
41 20 -17182.4097
42 20 -21927.9403
1 21 372.239631
2 21 -162.586224
3 21 86.7766323
4 21 3666.72892
5 21 9350.60258
6 21 1304.8009
7 21 919.71433
8 21 -244.38085
9 21 250.85949
10 21 3955.47358
11 21 19878.8736
12 21 2300.96468
13 21 1783.4192
14 21 -857.772964
15 21 -508.63626
16 21 10277.7577
17 21 15712.9178
18 21 2487.07178
19 21 13130.9588
20 21 -3952.49873
21 21 7930.83255
22 21 47134.8956
23 21 310850.132
24 21 2494.89121
25 21 -10701.4163
26 21 3830.06958
27 21 273.255619
28 21 -19318.2743
29 21 -130113.408
30 21 16769.9
31 21 -4935.77734
32 21 970.195755
33 21 1122.60139
34 21 -7392.74978
35 21 -75025.8928
36 21 2082.22667
37 21 -1536.71532
38 21 150.463558
39 21 491.449511
40 21 -5829.29371
41 21 -54387.8349
42 21 -3121.40283
1 22 -13873.2584
2 22 22045.102
3 22 -2538.18341
4 22 -556326.148
5 22 -335988.181
6 22 -167914.482
7 22 -12050.2876
8 22 78978.4359
9 22 -2840.43694
10 22 -1494776.68
11 22 -267659.113
12 22 -615572.176
13 22 -29886.4434
14 22 540897.956
15 22 -17243.7492
16 22 -8238398.62
17 22 -340458.364
18 22 -1899243.94
19 22 165743.524
20 22 -1597466.74
21 22 47134.8956
22 22 26236435.1
23 22 2087585.96
24 22 6180762.7
25 22 -84092.5977
26 22 705971.589
27 22 7979.27022
28 22 -9620597.69
29 22 -1020298.5
30 22 1017073.92
31 22 -65810.7232
32 22 178980.935
33 22 18683.9726
34 22 -3657035.87
35 22 -1039865.16
36 22 472499.261
37 22 21665.0073
38 22 69117.7305
39 22 -4469.30971
40 22 -1934356.05
41 22 678673.84
42 22 711064.872
1 23 4579.485
2 23 2552.18851
3 23 3125.36686
4 23 -53322.3766
5 23 113306.846
6 23 -4326.71587
7 23 -43501.5735
8 23 -8528.70263
9 23 -10344.0532
10 23 174875.551
11 23 -998143.148
12 23 22314.6657
13 23 -536616.041
14 23 -1193.50453
15 23 -139944.988
16 23 98048.5749
17 23 -8195874.07
18 23 181457.205
19 23 1436530.92
20 23 -168238.415
21 23 310850.132
22 23 2087585.96
23 23 28453856.1
24 23 610465.936
25 23 -554299.555
26 23 120176.27
27 23 18980.8076
28 23 -359217.758
29 23 -7890257.47
30 23 552311.066
31 23 -232988.962
32 23 28958.608
33 23 50507.6647
34 23 -553442.141
35 23 -4530300.83
36 23 -140303.348
37 23 -120374.536
38 23 12291.0524
39 23 37844.8884
40 23 -583478.952
41 23 -4498999.76
42 23 -225526.244
1 24 574.473761
2 24 468.734409
3 24 -63.1496322
4 24 -11.9941845
5 24 12990.9363
6 24 -7746.86992
7 24 -2851.04189
8 24 -695.152872
9 24 -1598.73874
10 24 45782.6859
11 24 -60270.0597
12 24 -15441.2104
13 24 -2.91574341
14 24 -37502.2059
15 24 -2163.83857
16 24 667728.123
17 24 -113553.41
18 24 -576260.818
19 24 -20777.7929
20 24 -192556.086
21 24 2494.89121
22 24 6180762.7
23 24 610465.936
24 24 5202706.85
25 24 34914.1029
26 24 104257.544
27 24 -4931.89917
28 24 -2971368.77
29 24 -153437.868
30 24 -962948.199
31 24 -22747.9931
32 24 84455.6268
33 24 6520.64064
34 24 -2195646.54
35 24 -679487.429
36 24 130003.666
37 24 7231.66429
38 24 41793.2498
39 24 -542.4022
40 24 -1310804.15
41 24 195000.734
42 24 412554.068
1 25 631.540224
2 25 -307.405897
3 25 286.827028
4 25 7302.35974
5 25 17303.4718
6 25 2471.13889
7 25 -1470.5305
8 25 -612.677886
9 25 -600.664424
10 25 10830.5998
11 25 -32959.2697
12 25 6425.82464
13 25 -9904.80572
14 25 3672.04677
15 25 -4255.17182
16 25 -47121.453
17 25 -155039.215
18 25 2344.87461
19 25 -38047.4556
20 25 6887.38978
21 25 -10701.4163
22 25 -84092.5977
23 25 -554299.555
24 25 34914.1029
25 25 86905.4937
26 25 -12579.6487
27 25 1122.55562
28 25 60136.4794
29 25 1191428.33
30 25 -119428.591
31 25 -34684.5919
32 25 3072.88494
33 25 3304.95377
34 25 -10860.7847
35 25 -469474.823
36 25 46801.1505
37 25 -2448.19604
38 25 -2.28085369
39 25 -55.3274383
40 25 28337.8288
41 25 -74369.1404
42 25 -6617.53898
1 26 -251.784797
2 26 -515.278312
3 26 -91.8793255
4 26 11638.037
5 26 -6622.36813
6 26 5443.91749
7 26 -1226.41583
8 26 -2524.33125
9 26 -587.78661
10 26 46785.6324
11 26 -25979.5105
12 26 23724.348
13 26 195.026381
14 26 -14905.5846
15 26 621.117471
16 26 217915.182
17 26 61.9472191
18 26 99557.5184
19 26 12154.1482
20 26 -50037.1043
21 26 3830.06958
22 26 705971.589
23 26 120176.27
24 26 104257.544
25 26 -12579.6487
26 26 115084.051
27 26 383.886897
28 26 -1497471.56
29 26 -58589.8952
30 26 -7739.23281
31 26 -439.788306
32 26 -39385.8469
33 26 415.486123
34 26 478721.371
35 26 -9641.61431
36 26 -44278.5662
37 26 1634.73608
38 26 -7799.59275
39 26 -330.739484
40 26 154426.743
41 26 37.2641225
42 26 -35934.687
1 27 -26.6361195
2 27 82.4057019
3 27 -14.2089099
4 27 -1890.93312
5 27 -759.94873
6 27 -806.838934
7 27 852.287473
8 27 261.504353
9 27 337.262613
10 27 -4522.28033
11 27 19471.3764
12 27 -2653.83559
13 27 2997.28861
14 27 -1202.22883
15 27 1416.21517
16 27 15922.8774
17 27 49069.7653
18 27 940.189308
19 27 2670.89507
20 27 -367.987568
21 27 273.255619
22 27 7979.27022
23 27 18980.8076
24 27 -4931.89917
25 27 1122.55562
26 27 383.886897
27 27 4290.38121
28 27 -15939.3429
29 27 121736.224
30 27 -1546.5842
31 27 -6890.56211
32 27 661.136625
33 27 83.0482857
34 27 3513.56364
35 27 -107220.514
36 27 9156.2794
37 27 -1219.90636
38 27 -31.7037842
39 27 107.924352
40 27 13513.2238
41 27 -35105.8396
42 27 -2688.97233
1 28 2472.65971
2 28 5185.46653
3 28 898.092034
4 28 -117144.704
5 28 64980.4772
6 28 -54726.7318
7 28 10689.0407
8 28 24648.3415
9 28 5176.97312
10 28 -459075.417
11 28 225760.323
12 28 -230971.898
13 28 7428.3365
14 28 143473.033
15 28 -1644.13355
16 28 -2172508.82
17 28 141159.64
18 28 -1104578.81
19 28 -71327.6216
20 28 539043.064
21 28 -19318.2743
22 28 -9620597.69
23 28 -359217.758
24 28 -2971368.77
25 28 60136.4794
26 28 -1497471.56
27 28 -15939.3429
28 28 30377498.6
29 28 -708909.935
30 28 5489526.93
31 28 -1439.45554
32 28 583047.961
33 28 5906.45241
34 28 -11437295.2
35 28 35051.9018
36 28 139936.93
37 28 -9312.44434
38 28 202337.155
39 28 5858.48984
40 28 -6582756.96
41 28 303768.949
42 28 1033400.55
1 29 6297.22212
2 29 -3112.54627
3 29 2860.96629
4 29 73897.0002
5 29 172555.373
6 29 25116.7711
7 29 -17950.0705
8 29 -6729.09522
9 29 -6963.6114
10 29 121408.01
11 29 -409349.56
12 29 66516.6243
13 29 -86566.3893
14 29 20912.1422
15 29 -35810.938
16 29 -253827.778
17 29 -1378922.73
18 29 83952.0125
19 29 -409612.813
20 29 51866.1732
21 29 -130113.408
22 29 -1020298.5
23 29 -7890257.47
24 29 -153437.868
25 29 1191428.33
26 29 -58589.8952
27 29 121736.224
28 29 -708909.935
29 29 28270443.9
30 29 -369555.065
31 29 -582816.029
32 29 23465.5686
33 29 37619.901
34 29 279868.999
35 29 -13196169.5
36 29 -95497.4931
37 29 -101674.387
38 29 -32041.3129
39 29 2671.20372
40 29 1269318.43
41 29 -5131441.03
42 29 -584163.339
1 30 -743.369873
2 30 -94.070646
3 30 -323.444872
4 30 1845.41783
5 30 -20184.3702
6 30 1652.33136
7 30 -2274.68184
8 30 -9278.19823
9 30 -1117.5954
10 30 194558.959
11 30 -51032.5777
12 30 68893.2307
13 30 10756.8215
14 30 -35805.6524
15 30 5709.5828
16 30 534000.749
17 30 145204.579
18 30 103617.834
19 30 61366.4276
20 30 -123053.226
21 30 16769.9
22 30 1017073.92
23 30 552311.066
24 30 -962948.199
25 30 -119428.591
26 30 -7739.23281
27 30 -1546.5842
28 30 5489526.93
29 30 -369555.065
30 30 4443154.01
31 30 49270.8068
32 30 114193.566
33 30 -379.776531
34 30 -3382840.64
35 30 -63115.7289
36 30 -684691.245
37 30 -4895.57471
38 30 61153.4532
39 30 1955.80619
40 30 -2559471.72
41 30 -243983.296
42 30 111956.694
1 31 -968.538524
2 31 211.434809
3 31 -416.520115
4 31 -5213.1161
5 31 -26431.0386
6 31 -1294.86623
7 31 -1377.10613
8 31 334.016602
9 31 -887.433117
10 31 -6582.22777
11 31 -32786.8184
12 31 -2126.26212
13 31 -3961.04466
14 31 -42.9753737
15 31 -2739.28523
16 31 -763.836094
17 31 -94264.3608
18 31 5370.18471
19 31 -10323.4499
20 31 4070.72142
21 31 -4935.77734
22 31 -65810.7232
23 31 -232988.962
24 31 -22747.9931
25 31 -34684.5919
26 31 -439.788306
27 31 -6890.56211
28 31 -1439.45554
29 31 -582816.029
30 31 49270.8068
31 31 64071.3597
32 31 -7483.62499
33 31 -7157.10321
34 31 50000.984
35 31 1023365.65
36 31 -44175.3613
37 31 -11250.2796
38 31 3806.11171
39 31 155.150731
40 31 -5325.18753
41 31 -262377.516
42 31 -3071.4169
1 32 -420.149263
2 32 -330.926018
3 32 -166.166789
4 32 7510.31139
5 32 -11324.0378
6 32 3562.48652
7 32 -366.276023
8 32 -667.577584
9 32 -189.496243
10 32 11109.6899
11 32 -8224.27431
12 32 7499.5057
13 32 -1019.8017
14 32 -3626.66587
15 32 -628.069553
16 32 55751.7362
17 32 -23318.5675
18 32 42617.9033
19 32 1606.35942
20 32 -9488.98885
21 32 970.195755
22 32 178980.935
23 32 28958.608
24 32 84455.6268
25 32 3072.88494
26 32 -39385.8469
27 32 661.136625
28 32 583047.961
29 32 23465.5686
30 32 114193.566
31 32 -7483.62499
32 32 94172.8937
33 32 506.963248
34 32 -1355588.12
35 32 -55557.6388
36 32 -22662.8082
37 32 4860.309
38 32 -40569.2093
39 32 -479.402518
40 32 544465.555
41 32 35520.7812
42 32 -22608.9606
1 33 645.821619
2 33 -85.4377391
3 33 275.827554
4 33 2191.83646
5 33 17605.6006
6 33 321.38682
7 33 887.880661
8 33 -115.941525
9 33 566.050549
10 33 2553.64864
11 33 21073.8837
12 33 310.931555
13 33 1577.38118
14 33 71.7534472
15 33 1032.71416
16 33 -334.181018
17 33 35692.4454
18 33 -2579.97292
19 33 2528.40935
20 33 -1036.67053
21 33 1122.60139
22 33 18683.9726
23 33 50507.6647
24 33 6520.64064
25 33 3304.95377
26 33 415.486123
27 33 83.0482857
28 33 5906.45241
29 33 37619.901
30 33 -379.776531
31 33 -7157.10321
32 33 506.963248
33 33 3863.91772
34 33 -30841.1313
35 33 -35919.3728
36 33 5556.65482
37 33 -1957.5106
38 33 -1.07665172
39 33 -177.140377
40 33 15427.0987
41 33 -50268.1137
42 33 -718.838792
1 34 3158.23011
2 34 1999.25187
3 34 1265.83669
4 34 -45164.8844
5 34 85285.6095
6 34 -22014.1485
7 34 3020.27504
8 34 4079.4585
9 34 1650.2602
10 34 -67376.5145
11 34 68751.5336
12 34 -46643.2041
13 34 11519.8092
14 34 36630.7495
15 34 7296.00144
16 34 -573554.284
17 34 259333.16
18 34 -456760.565
19 34 -15106.7647
20 34 137516.083
21 34 -7392.74978
22 34 -3657035.87
23 34 -553442.141
24 34 -2195646.54
25 34 -10860.7847
26 34 478721.371
27 34 3513.56364
28 34 -11437295.2
29 34 279868.999
30 34 -3382840.64
31 34 50000.984
32 34 -1355588.12
33 34 -30841.1313
34 34 34120245.7
35 34 379871.41
36 34 2827166.22
37 34 -52322.5873
38 34 695473.765
39 34 19510.0247
40 34 -17171526.5
41 34 -652142.069
42 34 743993.255
1 35 -8519.57963
2 35 1648.0288
3 35 -3656.56998
4 35 -40958.886
5 35 -232425.002
6 35 -9323.11086
7 35 -11997.6467
8 35 2530.92554
9 35 -7708.18513
10 35 -50900.453
11 35 -285397.171
12 35 -14482.4416
13 35 -45615.5731
14 35 -2282.96759
15 35 -31989.2618
16 35 19156.6378
17 35 -1112175.82
18 35 72518.7198
19 35 -150441.86
20 35 46633.0859
21 35 -75025.8928
22 35 -1039865.16
23 35 -4530300.83
24 35 -679487.429
25 35 -469474.823
26 35 -9641.61431
27 35 -107220.514
28 35 35051.9018
29 35 -13196169.5
30 35 -63115.7289
31 35 1023365.65
32 35 -55557.6388
33 35 -35919.3728
34 35 379871.41
35 35 29853240.7
36 35 1365162.13
37 35 -312847.217
38 35 17415.4857
39 35 -949.260389
40 35 665070.134
41 35 -12484610.2
42 35 -1009145.05
1 36 -806.147639
2 36 -1435.71413
3 36 -291.319874
4 36 32924.0816
5 36 -21459.2102
6 36 14649.2606
7 36 -264.912887
8 36 -2820.23455
9 36 6.75456921
10 36 47775.0458
11 36 -4414.97048
12 36 30345.8263
13 36 -697.656165
14 36 -11764.1741
15 36 -249.505634
16 36 184969.739
17 36 -20659.5707
18 36 128094.219
19 36 4284.04879
20 36 -29562.222
21 36 2082.22667
22 36 472499.261
23 36 -140303.348
24 36 130003.666
25 36 46801.1505
26 36 -44278.5662
27 36 9156.2794
28 36 139936.93
29 36 -95497.4931
30 36 -684691.245
31 36 -44175.3613
32 36 -22662.8082
33 36 5556.65482
34 36 2827166.22
35 36 1365162.13
36 36 2535489.9
37 36 -10468.394
38 36 111604.321
39 36 2147.75501
40 36 -2853793.08
41 36 -1023751.21
42 36 -995515.455
13 37 -768.369551
14 37 253.892818
15 37 -621.274064
16 37 -4987.98775
17 37 -21630.4164
18 37 -2670.62407
19 37 -2320.82173
20 37 -511.26102
21 37 -1536.71532
22 37 21665.0073
23 37 -120374.536
24 37 7231.66429
25 37 -2448.19604
26 37 1634.73608
27 37 -1219.90636
28 37 -9312.44434
29 37 -101674.387
30 37 -4895.57471
31 37 -11250.2796
32 37 4860.309
33 37 -1957.5106
34 37 -52322.5873
35 37 -312847.217
36 37 -10468.394
37 37 17893.1166
38 37 -5627.37658
39 37 -1581.77086
40 37 5919.93347
41 37 453764.126
42 37 11931.2365
13 38 -25.188146
14 38 -801.938799
15 38 27.0575655
16 38 13808.3956
17 38 -65.8819186
18 38 10901.7428
19 38 247.988582
20 38 -2356.11526
21 38 150.463558
22 38 69117.7305
23 38 12291.0524
24 38 41793.2498
25 38 -2.28085369
26 38 -7799.59275
27 38 -31.7037842
28 38 202337.155
29 38 -32041.3129
30 38 61153.4532
31 38 3806.11171
32 38 -40569.2093
33 38 -1.07665172
34 38 695473.765
35 38 17415.4857
36 38 111604.321
37 38 -5627.37658
38 38 51388.0022
39 38 752.649893
40 38 -759493.441
41 38 -5299.29682
42 38 85338.9906
13 39 500.666133
14 39 -110.236643
15 39 401.588654
16 39 2298.31939
17 39 14050.4646
18 39 991.525453
19 39 761.670925
20 39 98.3294372
21 39 491.449511
22 39 -4469.30971
23 39 37844.8884
24 39 -542.4022
25 39 -55.3274383
26 39 -330.739484
27 39 107.924352
28 39 5858.48984
29 39 2671.20372
30 39 1955.80619
31 39 155.150731
32 39 -479.402518
33 39 -177.140377
34 39 19510.0247
35 39 -949.260389
36 39 2147.75501
37 39 -1581.77086
38 39 752.649893
39 39 655.438906
40 39 -18590.5358
41 39 -37016.9221
42 39 -620.636654
13 40 481.6167
14 40 6452.56543
15 40 2.44081069
16 40 -110883.776
17 40 8309.60431
18 40 -87998.2451
19 40 -10127.6904
20 40 53640.8254
21 40 -5829.29371
22 40 -1934356.05
23 40 -583478.952
24 40 -1310804.15
25 40 28337.8288
26 40 154426.743
27 40 13513.2238
28 40 -6582756.96
29 40 1269318.43
30 40 -2559471.72
31 40 -5325.18753
32 40 544465.555
33 40 15427.0987
34 40 -17171526.5
35 40 665070.134
36 40 -2853793.08
37 40 5919.93347
38 40 -759493.441
39 40 -18590.5358
40 40 23061528.6
41 40 -498164.789
42 40 -1821283.53
13 41 -8881.56461
14 41 2643.6062
15 41 -7164.25173
16 41 -52635.79
17 41 -249794.343
18 41 -26921.1234
19 41 -81005.1146
20 41 -17182.4097
21 41 -54387.8349
22 41 678673.84
23 41 -4498999.76
24 41 195000.734
25 41 -74369.1404
26 41 37.2641225
27 41 -35105.8396
28 41 303768.949
29 41 -5131441.03
30 41 -243983.296
31 41 -262377.516
32 41 35520.7812
33 41 -50268.1137
34 41 -652142.069
35 41 -12484610.2
36 41 -1023751.21
37 41 453764.126
38 41 -5299.29682
39 41 -37016.9221
40 41 -498164.789
41 41 19655774.4
42 41 1637959.33
13 42 292.309488
14 42 -4370.14723
15 42 486.476948
16 42 75589.5345
17 42 11621.2008
18 42 58976.7319
19 42 -4219.43304
20 42 -21927.9403
21 42 -3121.40283
22 42 711064.872
23 42 -225526.244
24 42 412554.068
25 42 -6617.53898
26 42 -35934.687
27 42 -2688.97233
28 42 1033400.55
29 42 -584163.339
30 42 111956.694
31 42 -3071.4169
32 42 -22608.9606
33 42 -718.838792
34 42 743993.255
35 42 -1009145.05
36 42 -995515.455
37 42 11931.2365
38 42 85338.9906
39 42 -620.636654
40 42 -1821283.53
41 42 1637959.33
42 42 1722937.2
