# name: debug
# type: sparse matrix
# nnz: 1692
# rows: 42
# columns: 42

1 1 35725.2451
2 1 10349.866
3 1 6365.81133
4 1 -128028.16
5 1 914092.087
6 1 34258.1344
7 1 -28439.8408
8 1 -7738.32482
9 1 2561.96429
10 1 20213.4083
11 1 -586225.527
12 1 -35058.6751
13 1 -7021.65757
14 1 -1445.76482
15 1 1369.90266
16 1 26291.9832
17 1 -186582.217
18 1 -24063.3128
19 1 -152.436674
20 1 -1688.79291
21 1 -336.267894
22 1 26852.2591
23 1 -12431.2674
24 1 -10998.5015
25 1 -90.2945735
26 1 -59.8350577
27 1 -31.9540587
28 1 893.655831
29 1 -4989.59589
30 1 -286.407583
31 1 -124.242154
32 1 19.0824439
33 1 9.05616736
34 1 -470.43657
35 1 -2969.53244
36 1 86.8640706
1 2 10349.866
2 2 70547.5436
3 2 4343.13336
4 2 -1272619.02
5 2 133236.147
6 2 -165160.418
7 2 -6685.06215
8 2 -57499.2552
9 2 -1081.42853
10 2 716600.12
11 2 -1096.65611
12 2 -111911.114
13 2 -1635.76623
14 2 -7609.36042
15 2 -279.499865
16 2 188942.4
17 2 -30678.5645
18 2 -47368.3583
19 2 -1856.42443
20 2 -4904.62376
21 2 174.791051
22 2 84199.6752
23 2 -30177.5377
24 2 -30146.5572
25 2 -66.3417523
26 2 -356.521918
27 2 13.3322933
28 2 9488.30937
29 2 -1031.15187
30 2 -1263.32473
31 2 37.1524694
32 2 -192.006436
33 2 -0.121178442
34 2 5091.58896
35 2 917.263964
36 2 35.0358016
1 3 6365.81133
2 3 4343.13336
3 3 1884.26597
4 3 -91429.3083
5 3 175238.734
6 3 -5207.98708
7 3 -4671.62034
8 3 -2880.50755
9 3 -199.382654
10 3 38026.6465
11 3 -94239.7171
12 3 -7624.25629
13 3 -1559.42088
14 3 -918.954227
15 3 197.138767
16 3 20541.6427
17 3 -42461.653
18 3 -9077.60831
19 3 -252.985099
20 3 -626.74386
21 3 -31.0676452
22 3 10252.4376
23 3 -7492.94478
24 3 -4429.66379
25 3 -50.1765584
26 3 -23.6318373
27 3 -5.16240817
28 3 457.96712
29 3 -2098.27216
30 3 -126.562299
31 3 -42.8102253
32 3 5.52269063
33 3 3.3963715
34 3 -129.510221
35 3 -1012.36704
36 3 35.3448321
1 4 -128028.16
2 4 -1272619.02
3 4 -91429.3083
4 4 32673689
5 4 -2964884.79
6 4 5109445.95
7 4 23242.9759
8 4 847790.892
9 4 37263.6885
10 4 -15989148.1
11 4 -658162.737
12 4 2101477.67
13 4 48196.8784
14 4 240964.972
15 4 9333.33907
16 4 -6415511.37
17 4 940462.28
18 4 1446962.81
19 4 58051.8002
20 4 158655.086
21 4 -4876.03194
22 4 -3167559.34
23 4 984282.321
24 4 944659.217
25 4 2333.44807
26 4 15990.02
27 4 -417.09649
28 4 -531382.997
29 4 40627.5499
30 4 52403.4649
31 4 -1703.99583
32 4 9009.64537
33 4 6.72643915
34 4 -240085.453
35 4 -42147.4054
36 4 -2631.14319
1 5 914092.087
2 5 133236.147
3 5 175238.734
4 5 -2964884.79
5 5 28795536.4
6 5 1622124.12
7 5 -654972.539
8 5 -48357.1827
9 5 56937.6495
10 5 -188255.939
11 5 -16714253.9
12 5 -1281315.81
13 5 -234355.479
14 5 -43583.5296
15 5 42548.7607
16 5 841686.021
17 5 -6737501.18
18 5 -776458.058
19 5 -18526.2178
20 5 -55062.9768
21 5 -9164.9176
22 5 908395.245
23 5 -1078619.94
24 5 -396541.195
25 5 -7557.80699
26 5 -2246.77649
27 5 -1006.26681
28 5 36422.0435
29 5 -419385.918
30 5 -16534.867
31 5 -6282.30618
32 5 959.877043
33 5 479.901348
34 5 -23555.8029
35 5 -149308.12
36 5 4575.54672
1 6 34258.1344
2 6 -165160.418
3 6 -5207.98708
4 6 5109445.95
5 6 1622124.12
6 6 2177822.52
7 6 -28793.7293
8 6 90561.3311
9 6 9888.62144
10 6 -2215984.01
11 6 -1348547.17
12 6 -764984.282
13 6 -12961.648
14 6 39561.1923
15 6 5419.37939
16 6 -1247638.76
17 6 -398043.618
18 6 123439.991
19 6 8253.50815
20 6 25867.4116
21 6 -1496.18867
22 6 -662394.27
23 6 103543.701
24 6 109617.108
25 6 400.500354
26 6 4779.58943
27 6 -155.732853
28 6 -177288.889
29 6 -3633.0173
30 6 9212.91261
31 6 -618.519472
32 6 3576.43045
33 6 7.91378193
34 6 -96988.8251
35 6 -15267.8725
36 6 -2452.09659
1 7 -28439.8408
2 7 -6685.06215
3 7 -4671.62034
4 7 23242.9759
5 7 -654972.539
6 7 -28793.7293
7 7 46449.2156
8 7 7285.31499
9 7 -2428.37219
10 7 -71869.2206
11 7 1174843.65
12 7 92474.4962
13 7 -15649.9328
14 7 2322.72302
15 7 2791.23292
16 7 -6125.79661
17 7 -409327.803
18 7 -38358.8982
19 7 -1698.08989
20 7 -2485.77323
21 7 -205.784608
22 7 39519.1991
23 7 -59818.4624
24 7 -18502.6236
25 7 80.0113322
26 7 -365.792579
27 7 -240.577068
28 7 5717.791
29 7 -6987.87216
30 7 -1535.82422
31 7 -280.960684
32 7 34.3509548
33 7 2.62949869
34 7 -851.392079
35 7 -8616.88203
36 7 28.7795676
37 7 -72.5076958
38 7 46.5137241
39 7 13.2855843
40 7 -1119.39753
41 7 -2233.10738
42 7 65.4712358
1 8 -7738.32482
2 8 -57499.2552
3 8 -2880.50755
4 8 847790.892
5 8 -48357.1827
6 8 90561.3311
7 8 7285.31499
8 8 102826.118
9 8 2707.24375
10 8 -1755121.35
11 8 70712.4334
12 8 76900.2266
13 8 3302.25253
14 8 -34479.0296
15 8 -1320.1658
16 8 527384.088
17 8 25013.9936
18 8 -34695.1008
19 8 -2516.99619
20 8 -8546.6019
21 8 19.7172986
22 8 157796.766
23 8 -40026.5833
24 8 -50204.6303
25 8 -401.434955
26 8 -1455.29575
27 8 65.2842629
28 8 30903.4616
29 8 -6610.77861
30 8 -7140.20605
31 8 25.9494572
32 8 -347.049529
33 8 -0.478526926
34 8 10453.8796
35 8 571.476761
36 8 114.643594
37 8 56.6535266
38 8 -253.584906
39 8 -0.933282107
40 8 6435.37939
41 8 1337.59347
42 8 169.635795
1 9 2561.96429
2 9 -1081.42853
3 9 -199.382654
4 9 37263.6885
5 9 56937.6495
6 9 9888.62144
7 9 -2428.37219
8 9 2707.24375
9 9 1354.6138
10 9 -92283.9542
11 9 -39966.1182
12 9 1156.78724
13 9 417.197465
14 9 -1163.44133
15 9 -516.683598
16 9 35003.6755
17 9 5812.91089
18 9 -5125.68067
19 9 -321.364715
20 9 -441.812078
21 9 30.7224866
22 9 8336.61585
23 9 -8009.65033
24 9 -3171.45527
25 9 -106.645583
26 9 -47.3038672
27 9 16.2577213
28 9 904.304687
29 9 -2922.2493
30 9 -337.019816
31 9 -37.3421922
32 9 -0.0660305773
33 9 -0.628918984
34 9 50.6935773
35 9 -1202.14787
36 9 4.95520484
37 9 -3.54916531
38 9 1.32032462
39 9 2.34613347
40 9 -5.92484824
41 9 -197.421324
42 9 13.603656
1 10 20213.4083
2 10 716600.12
3 10 38026.6465
4 10 -15989148.1
5 10 -188255.939
6 10 -2215984.01
7 10 -71869.2206
8 10 -1755121.35
9 10 -92283.9542
10 10 46319409.1
11 10 -1623191.93
12 10 -817343.696
13 10 -33178.1907
14 10 676201.187
15 10 41941.3444
16 10 -14818478.1
17 10 -409565.181
18 10 1398907.78
19 10 73846.8416
20 10 270576.102
21 10 798.20849
22 10 -6191097.27
23 10 1238014.98
24 10 1468610.95
25 10 13735.9304
26 10 57326.6622
27 10 -2158.39958
28 10 -1497911.96
29 10 235930.761
30 10 248131.053
31 10 -1109.5885
32 10 17815.5305
33 10 57.4965866
34 10 -563788.082
35 10 -22986.1712
36 10 -10330.0099
37 10 -3019.66775
38 10 13902.1525
39 10 78.2362474
40 10 -377947.371
41 10 -72562.9273
42 10 -12753.9216
1 11 -586225.527
2 11 -1096.65611
3 11 -94239.7171
4 11 -658162.737
5 11 -16714253.9
6 11 -1348547.17
7 11 1174843.65
8 11 70712.4334
9 11 -39966.1182
10 11 -1623191.93
11 11 38103498.1
12 11 3118277.7
13 11 -469477.98
14 11 10687.7732
15 11 76474.6985
16 11 130082.774
17 11 -14193350.2
18 11 -1249553.18
19 11 -82553.3554
20 11 -71035.3505
21 11 -3615.91151
22 11 1177660.04
23 11 -3432491.4
24 11 -614425.638
25 11 -6864.25523
26 11 -12037.82
27 11 -7927.01589
28 11 189101.324
29 11 -728256.8
30 11 -59650.3055
31 11 -14845.623
32 11 1578.78103
33 11 58.2307736
34 11 -39281.7723
35 11 -482669.726
36 11 -1405.30704
37 11 -4432.37152
38 11 2497.42917
39 11 657.5688
40 11 -61770.7225
41 11 -156845.03
42 11 948.463965
1 12 -35058.6751
2 12 -111911.114
3 12 -7624.25629
4 12 2101477.67
5 12 -1281315.81
6 12 -764984.282
7 12 92474.4962
8 12 76900.2266
9 12 1156.78724
10 12 -817343.696
11 12 3118277.7
12 12 2619065.4
13 12 -46367.3209
14 12 48877.497
15 12 5514.44575
16 12 -691214.378
17 12 -1264517.12
18 12 -990469.851
19 12 -11201.1535
20 12 -18908.3944
21 12 -192.462381
22 12 69796.9422
23 12 -288077.727
24 12 -205830.715
25 12 -47.6246326
26 12 199.446735
27 12 -391.565479
28 12 -80106.2469
29 12 -18334.6901
30 12 -18319.7479
31 12 -302.682976
32 12 2593.80221
33 12 9.5649483
34 12 -86925.8729
35 12 -10948.4588
36 12 -4493.43899
37 12 -424.612348
38 12 2128.53136
39 12 24.2851089
40 12 -61383.9924
41 12 -13668.7783
42 12 -4486.35069
1 13 -7021.65757
2 13 -1635.76623
3 13 -1559.42088
4 13 48196.8784
5 13 -234355.479
6 13 -12961.648
7 13 -15649.9328
8 13 3302.25253
9 13 417.197465
10 13 -33178.1907
11 13 -469477.98
