# name: debug
# type: sparse matrix
# nnz: 1620
# rows: 42
# columns: 42

1 1 20617.3547
2 1 -2783.55677
3 1 151.22226
4 1 46543.5289
5 1 508083.886
6 1 62393.6202
7 1 -18660.2278
8 1 1908.53255
9 1 -1021.28422
10 1 -18478.3719
11 1 -351485.87
12 1 -44911.3751
13 1 -1693.20358
14 1 121.994458
15 1 -3.92950019
16 1 800.296132
17 1 -26480.1535
18 1 -12327.515
19 1 456.428776
20 1 1315.67943
21 1 372.239631
22 1 -13873.2584
23 1 4579.485
24 1 574.473761
25 1 631.540224
26 1 -251.784797
27 1 -26.6361195
28 1 2472.65971
29 1 6297.22212
30 1 -743.369873
31 1 -968.538524
32 1 -420.149263
33 1 645.821619
34 1 3158.23011
35 1 -8519.57963
36 1 -806.147639
1 2 -2783.55677
2 2 38569.7997
3 2 1206.24648
4 2 -901411.661
5 2 -44939.6706
6 2 -20494.1676
7 2 2856.6763
8 2 -30080.0102
9 2 -962.434752
10 2 525234.634
11 2 40663.0423
12 2 30138.3638
13 2 -215.724334
14 2 -5925.03649
15 2 254.731115
16 2 78615.382
17 2 -13038.6106
18 2 -16574.7986
19 2 329.670218
20 2 -1702.1709
21 2 -162.586224
22 2 22045.102
23 2 2552.18851
24 2 468.734409
25 2 -307.405897
26 2 -515.278312
27 2 82.4057019
28 2 5185.46653
29 2 -3112.54627
30 2 -94.070646
31 2 211.434809
32 2 -330.926018
33 2 -85.4377391
34 2 1999.25187
35 2 1648.0288
36 2 -1435.71413
1 3 151.22226
2 3 1206.24648
3 3 582.786998
4 3 -29542.8265
5 3 3523.81001
6 3 -1604.15064
7 3 177.069049
8 3 -1261.63331
9 3 -856.902187
10 3 24108.8881
11 3 1464.31027
12 3 2522.40275
13 3 -186.702622
14 3 57.0208635
15 3 156.147098
16 3 -1606.7093
17 3 -3726.57787
18 3 -579.212742
19 3 266.392065
20 3 248.241148
21 3 86.7766323
22 3 -2538.18341
23 3 3125.36686
24 3 -63.1496322
25 3 286.827028
26 3 -91.8793255
27 3 -14.2089099
28 3 898.092034
29 3 2860.96629
30 3 -323.444872
31 3 -416.520115
32 3 -166.166789
33 3 275.827554
34 3 1265.83669
35 3 -3656.56998
36 3 -291.319874
1 4 46543.5289
2 4 -901411.661
3 4 -29542.8265
4 4 21946163.8
5 4 658586.352
6 4 -70130.3944
7 4 -59263.3073
8 4 697887.369
9 4 25525.4233
10 4 -13024357.7
11 4 -871160.955
12 4 -200382.752
13 4 14878.2694
14 4 141957.254
15 4 -8750.7068
16 4 -1920295.15
17 4 464405.738
18 4 415551.3
19 4 -6974.22883
20 4 41802.6108
21 4 3666.72892
22 4 -556326.148
23 4 -53322.3766
24 4 -11.9941845
25 4 7302.35974
26 4 11638.037
27 4 -1890.93312
28 4 -117144.704
29 4 73897.0002
30 4 1845.41783
31 4 -5213.1161
32 4 7510.31139
33 4 2191.83646
34 4 -45164.8844
35 4 -40958.886
36 4 32924.0816
1 5 508083.886
2 5 -44939.6706
3 5 3523.81001
4 5 658586.352
5 5 12891241.4
6 5 1643143.42
7 5 -452984.152
8 5 30422.7283
9 5 -25483.4148
10 5 -205690.339
11 5 -8934048.89
12 5 -1182906.81
13 5 -44631.5163
14 5 -1038.54745
15 5 520.743896
16 5 67454.062
17 5 -723255.422
18 5 -341976.057
19 5 11418.2473
20 5 31186.6752
21 5 9350.60258
22 5 -335988.181
23 5 113306.846
24 5 12990.9363
25 5 17303.4718
26 5 -6622.36813
27 5 -759.94873
28 5 64980.4772
29 5 172555.373
30 5 -20184.3702
31 5 -26431.0386
32 5 -11324.0378
33 5 17605.6006
34 5 85285.6095
35 5 -232425.002
36 5 -21459.2102
1 6 62393.6202
2 6 -20494.1676
3 6 -1604.15064
4 6 -70130.3944
5 6 1643143.42
6 6 2032420.44
7 6 -49792.8088
8 6 -423.267055
9 6 -1398.56071
10 6 623493.034
11 6 -1045478.92
12 6 -1571352.84
13 6 -12674.5268
14 6 -1514.11839
15 6 1961.77276
16 6 -11785.7945
17 6 -211599.872
18 6 -226933.178
19 6 -783.68288
20 6 13379.7677
21 6 1304.8009
22 6 -167914.482
23 6 -4326.71587
24 6 -7746.86992
25 6 2471.13889
26 6 5443.91749
27 6 -806.838934
28 6 -54726.7318
29 6 25116.7711
30 6 1652.33136
31 6 -1294.86623
32 6 3562.48652
33 6 321.38682
34 6 -22014.1485
35 6 -9323.11086
36 6 14649.2606
1 7 -18660.2278
2 7 2856.6763
3 7 177.069049
4 7 -59263.3073
5 7 -452984.152
6 7 -49792.8088
7 7 44712.2794
8 7 -3940.8028
9 7 5485.69012
10 7 36061.7452
11 7 878998.465
12 7 62493.4206
13 7 -20109.7518
14 7 2205.96927
15 7 1208.45721
16 7 -7828.13349
17 7 -303583.936
18 7 -21490.6671
19 7 -2973.53671
20 7 908.612435
21 7 919.71433
22 7 -12050.2876
23 7 -43501.5735
24 7 -2851.04189
25 7 -1470.5305
26 7 -1226.41583
27 7 852.287473
28 7 10689.0407
29 7 -17950.0705
30 7 -2274.68184
31 7 -1377.10613
32 7 -366.276023
33 7 887.880661
34 7 3020.27504
35 7 -11997.6467
36 7 -264.912887
1 8 1908.53255
2 8 -30080.0102
3 8 -1261.63331
4 8 697887.369
5 8 30422.7283
6 8 -423.267055
7 8 -3940.8028
8 8 73587.9918
9 8 1788.48018
10 8 -1328937.93
11 8 -34268.2367
12 8 -125338.23
13 8 1879.03279
14 8 -34070.9754
15 8 -936.655487
16 8 465881.387
17 8 10560.2364
18 8 -87818.1149
19 8 -615.169095
20 8 -6262.61692
21 8 -244.38085
22 8 78978.4359
23 8 -8528.70263
24 8 -695.152872
25 8 -612.677886
26 8 -2524.33125
27 8 261.504353
28 8 24648.3415
29 8 -6729.09522
30 8 -9278.19823
31 8 334.016602
32 8 -667.577584
33 8 -115.941525
34 8 4079.4585
35 8 2530.92554
36 8 -2820.23455
1 9 -1021.28422
2 9 -962.434752
3 9 -856.902187
4 9 25525.4233
5 9 -25483.4148
6 9 -1398.56071
7 9 5485.69012
8 9 1788.48018
9 9 3112.1344
10 9 -38517.7806
11 9 119108.448
12 9 -1793.50845
13 9 -2470.65828
14 9 -220.174476
15 9 -827.571901
16 9 6770.93489
17 9 -37594.7461
18 9 -4999.94993
19 9 -673.365476
20 9 213.185929
21 9 250.85949
22 9 -2840.43694
23 9 -10344.0532
24 9 -1598.73874
25 9 -600.664424
26 9 -587.78661
27 9 337.262613
28 9 5176.97312
29 9 -6963.6114
30 9 -1117.5954
31 9 -887.433117
32 9 -189.496243
33 9 566.050549
34 9 1650.2602
35 9 -7708.18513
36 9 6.75456921
1 10 -18478.3719
2 10 525234.634
3 10 24108.8881
4 10 -13024357.7
5 10 -205690.339
6 10 623493.034
7 10 36061.7452
8 10 -1328937.93
9 10 -38517.7806
10 10 25372663.4
11 10 47072.7382
12 10 1710386.96
13 10 -15145.1449
14 10 630293.917
15 10 17105.5256
16 10 -9038078.81
17 10 33988.7362
18 10 1672563.55
19 10 13090.5278
20 10 115366.081
21 10 3955.47358
22 10 -1494776.68
23 10 174875.551
24 10 45782.6859
25 10 10830.5998
26 10 46785.6324
27 10 -4522.28033
28 10 -459075.417
29 10 121408.01
30 10 194558.959
31 10 -6582.22777
32 10 11109.6899
33 10 2553.64864
34 10 -67376.5145
35 10 -50900.453
36 10 47775.0458
1 11 -351485.87
2 11 40663.0423
3 11 1464.31027
4 11 -871160.955
5 11 -8934048.89
6 11 -1045478.92
7 11 878998.465
8 11 -34268.2367
9 11 119108.448
10 11 47072.7382
11 11 18038890.4
12 11 1351122.68
13 11 -394122.447
14 11 17280.177
15 11 20232.4655
16 11 140831.138
17 11 -6178544.22
18 11 -574670.291
19 11 -66008.5389
20 11 19025.7672
21 11 19878.8736
22 11 -267659.113
23 11 -998143.148
24 11 -60270.0597
25 11 -32959.2697
26 11 -25979.5105
27 11 19471.3764
28 11 225760.323
29 11 -409349.56
30 11 -51032.5777
31 11 -32786.8184
32 11 -8224.27431
33 11 21073.8837
34 11 68751.5336
35 11 -285397.171
36 11 -4414.97048
1 12 -44911.3751
2 12 30138.3638
3 12 2522.40275
4 12 -200382.752
5 12 -1182906.81
6 12 -1571352.84
7 12 62493.4206
8 12 -125338.23
9 12 -1793.50845
10 12 1710386.96
11 12 1351122.68
12 12 2963343.05
13 12 -22478.1789
14 12 15840.0741
15 12 2741.11079
16 12 -373780.633
17 12 -419656.333
18 12 -638075.38
19 12 1736.14232
20 12 48724.297
21 12 2300.96468
22 12 -615572.176
23 12 22314.6657
24 12 -15441.2104
25 12 6425.82464
26 12 23724.348
27 12 -2653.83559
28 12 -230971.898
29 12 66516.6243
30 12 68893.2307
31 12 -2126.26212
32 12 7499.5057
33 12 310.931555
34 12 -46643.2041
35 12 -14482.4416
36 12 30345.8263
1 13 -1693.20358
2 13 -215.724334
3 13 -186.702622
4 13 14878.2694
5 13 -44631.5163
6 13 -12674.5268
7 13 -20109.7518
8 13 1879.03279
9 13 -2470.65828
10 13 -15145.1449
11 13 -394122.447
12 13 -22478.1789
13 13 82837.7438
14 13 -5836.9322
15 13 17739.1068
16 13 44381.9383
17 13 1264508.57
18 13 10732.4067
19 13 -48639.9577
20 13 4163.41161
21 13 1783.4192
22 13 -29886.4434
23 13 -536616.041
24 13 -2.91574341
25 13 -9904.80572
26 13 195.026381
27 13 2997.28861
28 13 7428.3365
29 13 -86566.3893
30 13 10756.8215
31 13 -3961.04466
32 13 -1019.8017
33 13 1577.38118
34 13 11519.8092
35 13 -45615.5731
36 13 -697.656165
37 13 -768.369551
38 13 -25.188146
39 13 500.666133
40 13 481.6167
41 13 -8881.56461
42 13 292.309488
1 14 121.994458
2 14 -5925.03649
3 14 57.0208635
4 14 141957.254
5 14 -1038.54745
6 14 -1514.11839
