# name: debug
# type: sparse matrix
# nnz: 1692
# rows: 42
# columns: 42

1 1 35725.2451
2 1 10349.866
3 1 6365.81133
4 1 -128028.16
5 1 914092.087
6 1 34258.1344
7 1 -28439.8408
8 1 -7738.32482
9 1 2561.96429
10 1 20213.4083
11 1 -586225.527
12 1 -35058.6751
13 1 -7021.65757
14 1 -1445.76482
15 1 1369.90266
16 1 26291.9832
17 1 -186582.217
18 1 -24063.3128
19 1 -152.436674
20 1 -1688.79291
21 1 -336.267894
22 1 26852.2591
23 1 -12431.2674
24 1 -10998.5015
25 1 -90.2945735
26 1 -59.8350577
27 1 -31.9540587
28 1 893.655831
29 1 -4989.59589
30 1 -286.407583
31 1 -124.242154
32 1 19.0824439
33 1 9.05616736
34 1 -470.43657
35 1 -2969.53244
36 1 86.8640706
1 2 10349.866
2 2 70547.5436
3 2 4343.13336
4 2 -1272619.02
5 2 133236.147
6 2 -165160.418
7 2 -6685.06215
8 2 -57499.2552
9 2 -1081.42853
10 2 716600.12
11 2 -1096.65611
12 2 -111911.114
13 2 -1635.76623
14 2 -7609.36042
15 2 -279.499865
16 2 188942.4
17 2 -30678.5645
18 2 -47368.3583
19 2 -1856.42443
20 2 -4904.62376
21 2 174.791051
22 2 84199.6752
23 2 -30177.5377
24 2 -30146.5572
25 2 -66.3417523
26 2 -356.521918
27 2 13.3322933
28 2 9488.30937
29 2 -1031.15187
30 2 -1263.32473
31 2 37.1524694
32 2 -192.006436
33 2 -0.121178442
34 2 5091.58896
35 2 917.263964
36 2 35.0358016
1 3 6365.81133
2 3 4343.13336
3 3 1884.26597
4 3 -91429.3083
5 3 175238.734
6 3 -5207.98708
7 3 -4671.62034
8 3 -2880.50755
9 3 -199.382654
10 3 38026.6465
11 3 -94239.7171
12 3 -7624.25629
13 3 -1559.42088
14 3 -918.954227
15 3 197.138767
16 3 20541.6427
17 3 -42461.653
18 3 -9077.60831
19 3 -252.985099
20 3 -626.74386
21 3 -31.0676452
22 3 10252.4376
23 3 -7492.94478
24 3 -4429.66379
25 3 -50.1765584
26 3 -23.6318373
27 3 -5.16240817
28 3 457.96712
29 3 -2098.27216
30 3 -126.562299
31 3 -42.8102253
32 3 5.52269063
33 3 3.3963715
34 3 -129.510221
35 3 -1012.36704
36 3 35.3448321
1 4 -128028.16
2 4 -1272619.02
3 4 -91429.3083
4 4 32673689
5 4 -2964884.79
6 4 5109445.95
7 4 23242.9759
8 4 847790.892
9 4 37263.6885
10 4 -15989148.1
11 4 -658162.737
12 4 2101477.67
13 4 48196.8784
14 4 240964.972
15 4 9333.33907
16 4 -6415511.37
17 4 940462.28
18 4 1446962.81
19 4 58051.8002
20 4 158655.086
21 4 -4876.03194
22 4 -3167559.34
23 4 984282.321
24 4 944659.217
25 4 2333.44807
26 4 15990.02
27 4 -417.09649
28 4 -531382.997
29 4 40627.5499
30 4 52403.4649
31 4 -1703.99583
32 4 9009.64537
33 4 6.72643915
34 4 -240085.453
35 4 -42147.4054
36 4 -2631.14319
1 5 914092.087
2 5 133236.147
3 5 175238.734
4 5 -2964884.79
5 5 28795536.4
6 5 1622124.12
7 5 -654972.539
8 5 -48357.1827
9 5 56937.6495
10 5 -188255.939
11 5 -16714253.9
12 5 -1281315.81
13 5 -234355.479
14 5 -43583.5296
15 5 42548.7607
16 5 841686.021
17 5 -6737501.18
18 5 -776458.058
19 5 -18526.2178
20 5 -55062.9768
21 5 -9164.9176
22 5 908395.245
23 5 -1078619.94
24 5 -396541.195
25 5 -7557.80699
26 5 -2246.77649
27 5 -1006.26681
28 5 36422.0435
29 5 -419385.918
30 5 -16534.867
31 5 -6282.30618
32 5 959.877043
33 5 479.901348
34 5 -23555.8029
35 5 -149308.12
36 5 4575.54672
1 6 34258.1344
2 6 -165160.418
3 6 -5207.98708
4 6 5109445.95
5 6 1622124.12
6 6 2177822.52
7 6 -28793.7293
8 6 90561.3311
9 6 9888.62144
10 6 -2215984.01
11 6 -1348547.17
12 6 -764984.282
13 6 -12961.648
14 6 39561.1923
15 6 5419.37939
16 6 -1247638.76
17 6 -398043.618
18 6 123439.991
19 6 8253.50815
20 6 25867.4116
21 6 -1496.18867
22 6 -662394.27
23 6 103543.701
24 6 109617.108
25 6 400.500354
26 6 4779.58943
27 6 -155.732853
28 6 -177288.889
29 6 -3633.0173
30 6 9212.91261
31 6 -618.519472
32 6 3576.43045
33 6 7.91378193
34 6 -96988.8251
35 6 -15267.8725
36 6 -2452.09659
1 7 -28439.8408
2 7 -6685.06215
3 7 -4671.62034
4 7 23242.9759
5 7 -654972.539
6 7 -28793.7293
7 7 46449.2156
8 7 7285.31499
9 7 -2428.37219
10 7 -71869.2206
11 7 1174843.65
12 7 92474.4962
13 7 -15649.9328
14 7 2322.72302
15 7 2791.23292
16 7 -6125.79661
17 7 -409327.803
18 7 -38358.8982
19 7 -1698.08989
20 7 -2485.77323
21 7 -205.784608
22 7 39519.1991
23 7 -59818.4624
24 7 -18502.6236
25 7 80.0113322
26 7 -365.792579
27 7 -240.577068
28 7 5717.791
29 7 -6987.87216
30 7 -1535.82422
31 7 -280.960684
32 7 34.3509548
33 7 2.62949869
34 7 -851.392079
35 7 -8616.88203
36 7 28.7795676
37 7 -72.5076958
38 7 46.5137241
39 7 13.2855843
40 7 -1119.39753
41 7 -2233.10738
42 7 65.4712358
1 8 -7738.32482
2 8 -57499.2552
3 8 -2880.50755
4 8 847790.892
5 8 -48357.1827
6 8 90561.3311
7 8 7285.31499
8 8 102826.118
9 8 2707.24375
10 8 -1755121.35
11 8 70712.4334
12 8 76900.2266
13 8 3302.25253
14 8 -34479.0296
15 8 -1320.1658
16 8 527384.088
17 8 25013.9936
18 8 -34695.1008
19 8 -2516.99619
20 8 -8546.6019
21 8 19.7172986
22 8 157796.766
23 8 -40026.5833
24 8 -50204.6303
25 8 -401.434955
26 8 -1455.29575
27 8 65.2842629
28 8 30903.4616
29 8 -6610.77861
30 8 -7140.20605
31 8 25.9494572
32 8 -347.049529
33 8 -0.478526926
34 8 10453.8796
35 8 571.476761
36 8 114.643594
37 8 56.6535266
38 8 -253.584906
39 8 -0.933282107
40 8 6435.37939
41 8 1337.59347
42 8 169.635795
1 9 2561.96429
2 9 -1081.42853
3 9 -199.382654
4 9 37263.6885
5 9 56937.6495
6 9 9888.62144
7 9 -2428.37219
8 9 2707.24375
9 9 1354.6138
10 9 -92283.9542
11 9 -39966.1182
12 9 1156.78724
13 9 417.197465
14 9 -1163.44133
15 9 -516.683598
16 9 35003.6755
17 9 5812.91089
18 9 -5125.68067
19 9 -321.364715
20 9 -441.812078
21 9 30.7224866
22 9 8336.61585
23 9 -8009.65033
24 9 -3171.45527
25 9 -106.645583
26 9 -47.3038672
27 9 16.2577213
28 9 904.304687
29 9 -2922.2493
30 9 -337.019816
31 9 -37.3421922
32 9 -0.0660305773
33 9 -0.628918984
34 9 50.6935773
35 9 -1202.14787
36 9 4.95520484
37 9 -3.54916531
38 9 1.32032462
39 9 2.34613347
40 9 -5.92484824
41 9 -197.421324
42 9 13.603656
1 10 20213.4083
2 10 716600.12
3 10 38026.6465
4 10 -15989148.1
5 10 -188255.939
6 10 -2215984.01
7 10 -71869.2206
8 10 -1755121.35
9 10 -92283.9542
10 10 46319409.1
11 10 -1623191.93
12 10 -817343.696
13 10 -33178.1907
14 10 676201.187
15 10 41941.3444
16 10 -14818478.1
17 10 -409565.181
18 10 1398907.78
19 10 73846.8416
20 10 270576.102
21 10 798.20849
22 10 -6191097.27
23 10 1238014.98
24 10 1468610.95
25 10 13735.9304
26 10 57326.6622
27 10 -2158.39958
28 10 -1497911.96
29 10 235930.761
30 10 248131.053
31 10 -1109.5885
32 10 17815.5305
33 10 57.4965866
34 10 -563788.082
35 10 -22986.1712
36 10 -10330.0099
37 10 -3019.66775
38 10 13902.1525
39 10 78.2362474
40 10 -377947.371
41 10 -72562.9273
42 10 -12753.9216
1 11 -586225.527
2 11 -1096.65611
3 11 -94239.7171
4 11 -658162.737
5 11 -16714253.9
6 11 -1348547.17
7 11 1174843.65
8 11 70712.4334
9 11 -39966.1182
10 11 -1623191.93
11 11 38103498.1
12 11 3118277.7
13 11 -469477.98
14 11 10687.7732
15 11 76474.6985
16 11 130082.774
17 11 -14193350.2
18 11 -1249553.18
19 11 -82553.3554
20 11 -71035.3505
21 11 -3615.91151
22 11 1177660.04
23 11 -3432491.4
24 11 -614425.638
25 11 -6864.25523
26 11 -12037.82
27 11 -7927.01589
28 11 189101.324
29 11 -728256.8
30 11 -59650.3055
31 11 -14845.623
32 11 1578.78103
33 11 58.2307736
34 11 -39281.7723
35 11 -482669.726
36 11 -1405.30704
37 11 -4432.37152
38 11 2497.42917
39 11 657.5688
40 11 -61770.7225
41 11 -156845.03
42 11 948.463965
1 12 -35058.6751
2 12 -111911.114
3 12 -7624.25629
4 12 2101477.67
5 12 -1281315.81
6 12 -764984.282
7 12 92474.4962
8 12 76900.2266
9 12 1156.78724
10 12 -817343.696
11 12 3118277.7
12 12 2619065.4
13 12 -46367.3209
14 12 48877.497
15 12 5514.44575
16 12 -691214.378
17 12 -1264517.12
18 12 -990469.851
19 12 -11201.1535
20 12 -18908.3944
21 12 -192.462381
22 12 69796.9422
23 12 -288077.727
24 12 -205830.715
25 12 -47.6246326
26 12 199.446735
27 12 -391.565479
28 12 -80106.2469
29 12 -18334.6901
30 12 -18319.7479
31 12 -302.682976
32 12 2593.80221
33 12 9.5649483
34 12 -86925.8729
35 12 -10948.4588
36 12 -4493.43899
37 12 -424.612348
38 12 2128.53136
39 12 24.2851089
40 12 -61383.9924
41 12 -13668.7783
42 12 -4486.35069
1 13 -7021.65757
2 13 -1635.76623
3 13 -1559.42088
4 13 48196.8784
5 13 -234355.479
6 13 -12961.648
7 13 -15649.9328
8 13 3302.25253
9 13 417.197465
10 13 -33178.1907
11 13 -469477.98
12 13 -46367.3209
13 13 35716.236
14 13 1193.66283
15 13 -5310.73308
16 13 -71792.1602
17 13 1097951.13
18 13 106166.484
19 13 -11359.0958
20 13 -1805.97813
21 13 2142.97841
22 13 23799.5649
23 13 -289023.452
24 13 -34629.5278
25 13 -291.354626
26 13 -700.2862
27 13 -301.423675
28 13 9580.10256
29 13 -33775.2369
30 13 -6393.05454
31 13 -946.317161
32 13 29.429104
33 13 15.7959744
34 13 -1071.85909
35 13 -34512.7725
36 13 -741.335015
37 13 -591.542909
38 13 222.406327
39 13 11.8645721
40 13 -4989.29386
41 13 -19096.3883
42 13 -87.9776758
1 14 -1445.76482
2 14 -7609.36042
3 14 -918.954227
4 14 240964.972
5 14 -43583.5296
6 14 39561.1923
7 14 2322.72302
8 14 -34479.0296
9 14 -1163.44133
10 14 676201.187
11 14 10687.7732
12 14 48877.497
13 14 1193.66283
14 14 67154.0198
15 14 2200.17862
16 14 -1530016.95
17 14 72074.8205
18 14 184608.748
19 14 -2275.66115
20 14 -19010.0076
21 14 -874.037453
22 14 378930.113
23 14 -34714.1465
24 14 -90286.8071
25 14 -860.725059
26 14 -4503.27111
27 14 116.264433
28 14 107945.257
29 14 -14264.4145
30 14 -11137.2617
31 14 -31.6641355
32 14 -980.579744
33 14 -6.7170189
34 14 35667.3585
35 14 -1201.80204
36 14 516.859588
37 14 263.032081
38 14 -940.16453
39 14 -2.65069277
40 14 27181.3765
41 14 5635.58137
42 14 -161.9893
1 15 1369.90266
2 15 -279.499865
3 15 197.138767
4 15 9333.33907
5 15 42548.7607
6 15 5419.37939
7 15 2791.23292
8 15 -1320.1658
9 15 -516.683598
10 15 41941.3444
11 15 76474.6985
12 15 5514.44575
13 15 -5310.73308
14 15 2200.17862
15 15 1847.75517
16 15 -66459.433
17 15 -129669.001
18 15 -282.566606
19 15 1420.12893
20 15 -679.610825
21 15 -727.175826
22 15 16711.635
23 15 24978.1091
24 15 -252.951963
25 15 -163.503605
26 15 24.4330662
27 15 94.0514924
28 15 286.929907
29 15 -3264.61982
30 15 -93.1903569
31 15 -6.00688812
32 15 -5.48180393
33 15 -4.61606886
34 15 537.89876
35 15 -782.967254
36 15 -11.1004159
37 15 -5.29632128
38 15 -3.10995616
39 15 -0.361346864
40 15 305.860229
41 15 -573.250053
42 15 -7.19521734
1 16 26291.9832
2 16 188942.4
3 16 20541.6427
4 16 -6415511.37
5 16 841686.021
6 16 -1247638.76
7 16 -6125.79661
8 16 527384.088
9 16 35003.6755
10 16 -14818478.1
11 16 130082.774
12 16 -691214.378
13 16 -71792.1602
14 16 -1530016.95
15 16 -66459.433
16 16 49654816.6
17 16 -1590127.63
18 16 -4347862.54
19 16 54880.5172
20 16 536416.274
21 16 27628.383
22 16 -13666004.8
23 16 973446.963
24 16 2066634.77
25 16 25585.8486
26 16 168620.838
27 16 -2922.36179
28 16 -5281374.03
29 16 471520.337
30 16 223906.33
31 16 1739.4319
32 16 52686.7992
33 16 818.092148
34 16 -2187177.45
35 16 73153.3676
36 16 -72608.9092
37 16 -12415.4451
38 16 51353.085
39 16 425.060799
40 16 -1735323.85
41 16 -274028.067
42 16 -33591.9813
1 17 -186582.217
2 17 -30678.5645
3 17 -42461.653
4 17 940462.28
5 17 -6737501.18
6 17 -398043.618
7 17 -409327.803
8 17 25013.9936
9 17 5812.91089
10 17 -409565.181
11 17 -14193350.2
12 17 -1264517.12
13 17 1097951.13
14 17 72074.8205
15 17 -129669.001
16 17 -1590127.63
17 17 41840340
18 17 3216367.54
19 17 -378568.646
20 17 -39698.2951
21 17 53520.9332
22 17 522392.469
23 17 -11998035.2
24 17 -1102254.67
25 17 -38833.8971
26 17 -18719.7269
27 17 -8851.40998
28 17 224869.796
29 17 -2949444.29
30 17 -263529.263
31 17 -50931.0257
32 17 1585.48467
33 17 138.526176
34 17 -66424.6567
35 17 -2122793.55
36 17 -74154.7748
37 17 -34306.5065
38 17 10731.2267
39 17 73.8533165
40 17 -258915.044
41 17 -1321396.56
42 17 -32141.2525
1 18 -24063.3128
2 18 -47368.3583
3 18 -9077.60831
4 18 1446962.81
5 18 -776458.058
6 18 123439.991
7 18 -38358.8982
8 18 -34695.1008
9 18 -5125.68067
10 18 1398907.78
11 18 -1249553.18
12 18 -990469.851
13 18 106166.484
14 18 184608.748
15 18 -282.566606
16 18 -4347862.54
17 18 3216367.54
18 18 2570171.17
19 18 -37400.6318
20 18 -92441.7302
21 18 -161.081756
22 18 1363248.18
23 18 -877113.909
24 18 -792255.592
25 18 -6844.32246
26 18 -9660.00897
27 18 50.1010766
28 18 16357.1764
29 18 -198683.275
30 18 -187774.965
31 18 -660.858479
32 18 1293.69807
33 18 22.8019901
34 18 -98642.9964
35 18 -55623.1312
36 18 -21572.0542
37 18 -335.2682
38 18 653.911079
39 18 4.32256994
40 18 -65390.5013
41 18 -36116.2376
42 18 -16867.6567
1 19 -152.436674
2 19 -1856.42443
3 19 -252.985099
4 19 58051.8002
5 19 -18526.2178
6 19 8253.50815
7 19 -1698.08989
8 19 -2516.99619
9 19 -321.364715
10 19 73846.8416
11 19 -82553.3554
12 19 -11201.1535
13 19 -11359.0958
14 19 -2275.66115
15 19 1420.12893
16 19 54880.5172
17 19 -378568.646
18 19 -37400.6318
19 19 28900.7446
20 19 8025.21025
21 19 -2305.57372
22 19 -117679.326
23 19 940192.137
24 19 96524.8383
25 19 -10539.1742
26 19 -2089.95863
27 19 1318.91132
28 19 26645.6557
29 19 -298841.082
30 19 -26601.6972
31 19 -2992.25051
32 19 66.1978246
33 19 16.4168473
34 19 -1853.96111
35 19 -105535.287
36 19 -2604.00213
37 19 -1901.35672
38 19 522.887106
39 19 38.0395824
40 19 -11610.1573
41 19 -58343.3982
42 19 -108.78013
1 20 -1688.79291
2 20 -4904.62376
3 20 -626.74386
4 20 158655.086
5 20 -55062.9768
6 20 25867.4116
7 20 -2485.77323
8 20 -8546.6019
9 20 -441.812078
10 20 270576.102
11 20 -71035.3505
12 20 -18908.3944
13 20 -1805.97813
14 20 -19010.0076
15 20 -679.610825
16 20 536416.274
17 20 -39698.2951
18 20 -92441.7302
19 20 8025.21025
20 20 65783.3758
21 20 1318.64929
22 20 -1503491.78
23 20 116842.266
24 20 273016.315
25 20 -2235.54287
26 20 -27071.5917
27 20 -602.142605
28 20 466950.772
29 20 -29766.5087
30 20 -121923.267
31 20 -18.5155898
32 20 -3464.25684
33 20 -24.6402669
34 20 119306.68
35 20 -1070.35953
36 20 5290.74825
37 20 533.748795
38 20 -2679.85946
39 20 0.136045945
40 20 76148.3208
41 20 11953.6309
42 20 -1079.88648
1 21 -336.267894
2 21 174.791051
3 21 -31.0676452
4 21 -4876.03194
5 21 -9164.9176
6 21 -1496.18867
7 21 -205.784608
8 21 19.7172986
9 21 30.7224866
10 21 798.20849
11 21 -3615.91151
12 21 -192.462381
13 21 2142.97841
14 21 -874.037453
15 21 -727.175826
16 21 27628.383
17 21 53520.9332
18 21 -161.081756
19 21 -2305.57372
20 21 1318.64929
21 21 1308.62328
22 21 -38681.1886
23 21 -35626.7798
24 21 837.059695
25 21 760.272468
26 21 -603.45482
27 21 -668.251035
28 21 14167.6867
29 21 7548.86383
30 21 -1078.50559
31 21 -54.9257982
32 21 -3.38601941
33 21 -22.9008349
34 21 1021.63795
35 21 -3334.15834
36 21 -44.3128447
37 21 -20.8536373
38 21 2.58538156
39 21 -6.3655166
40 21 706.969269
41 21 -1818.22323
42 21 -15.0072132
1 22 26852.2591
2 22 84199.6752
3 22 10252.4376
4 22 -3167559.34
5 22 908395.245
6 22 -662394.27
7 22 39519.1991
8 22 157796.766
9 22 8336.61585
10 22 -6191097.27
11 22 1177660.04
12 22 69796.9422
13 22 23799.5649
14 22 378930.113
15 22 16711.635
16 22 -13666004.8
17 22 522392.469
18 22 1363248.18
19 22 -117679.326
20 22 -1503491.78
21 22 -38681.1886
22 22 48810174.2
23 22 -1702914.7
24 22 -3553804.25
25 22 42423.0698
26 22 606628.813
27 22 17460.6709
28 22 -15657368.2
29 22 718634.244
30 22 1919997.64
31 22 1164.53004
32 22 150544.9
33 22 2104.33188
34 22 -5768024.47
35 22 80096.7672
36 22 -313111.252
37 22 -21267.5603
38 22 122711.838
39 22 928.606453
40 22 -4056000.29
41 22 -485548.695
42 22 -57811.9718
1 23 -12431.2674
2 23 -30177.5377
3 23 -7492.94478
4 23 984282.321
5 23 -1078619.94
6 23 103543.701
7 23 -59818.4624
8 23 -40026.5833
9 23 -8009.65033
10 23 1238014.98
11 23 -3432491.4
12 23 -288077.727
13 23 -289023.452
14 23 -34714.1465
15 23 24978.1091
16 23 973446.963
17 23 -11998035.2
18 23 -877113.909
19 23 940192.137
20 23 116842.266
21 23 -35626.7798
22 23 -1702914.7
23 23 39670829.3
24 23 2545640.12
25 23 -349026.244
26 23 -37472.2958
27 23 23958.9114
28 23 576274.552
29 23 -13247337.3
30 23 -804472.735
31 23 -132572.865
32 23 2461.82409
33 23 -886.079424
34 23 -59882.5565
35 23 -5251996.16
36 23 -187591.626
37 23 -91341.9966
38 23 20749.9106
39 23 231.074072
40 23 -466842.359
41 23 -3326434.47
42 23 -79911.8032
1 24 -10998.5015
2 24 -30146.5572
3 24 -4429.66379
4 24 944659.217
5 24 -396541.195
6 24 109617.108
7 24 -18502.6236
8 24 -50204.6303
9 24 -3171.45527
10 24 1468610.95
11 24 -614425.638
12 24 -205830.715
13 24 -34629.5278
14 24 -90286.8071
15 24 -252.951963
16 24 2066634.77
17 24 -1102254.67
18 24 -792255.592
19 24 96524.8383
20 24 273016.315
21 24 837.059695
22 24 -3553804.25
23 24 2545640.12
24 24 2550068.26
25 24 -27583.011
26 24 -112475.528
27 24 34.0210188
28 24 1027983.75
29 24 -712506.401
30 24 -1047827.29
31 24 -1833.94498
32 24 8469.73826
33 24 113.979135
34 24 -390214.941
35 24 -130392.526
36 24 -94856.6574
37 24 -621.234182
38 24 1369.05122
39 24 9.57307335
40 24 -156661.739
41 24 -89170.4538
42 24 -42525.411
1 25 -90.2945735
2 25 -66.3417523
3 25 -50.1765584
4 25 2333.44807
5 25 -7557.80699
6 25 400.500354
7 25 80.0113322
8 25 -401.434955
9 25 -106.645583
10 25 13735.9304
11 25 -6864.25523
12 25 -47.6246326
13 25 -291.354626
14 25 -860.725059
15 25 -163.503605
16 25 25585.8486
17 25 -38833.8971
18 25 -6844.32246
19 25 -10539.1742
20 25 -2235.54287
21 25 760.272468
22 25 42423.0698
23 25 -349026.244
24 25 -27583.011
25 25 24746.5181
26 25 2938.0945
27 25 -405.434111
28 25 -30739.8662
29 25 915017.224
30 25 55148.4887
31 25 -9300.6137
32 25 -129.874811
33 25 -379.742823
34 25 5085.52182
35 25 -326740.521
36 25 -21115.1944
37 25 -4458.40937
38 25 756.523283
39 25 107.992347
40 25 -16867.6486
41 25 -147834.832
42 25 -2041.83361
1 26 -59.8350577
2 26 -356.521918
3 26 -23.6318373
4 26 15990.02
5 26 -2246.77649
6 26 4779.58943
7 26 -365.792579
8 26 -1455.29575
9 26 -47.3038672
10 26 57326.6622
11 26 -12037.82
12 26 199.446735
13 26 -700.2862
14 26 -4503.27111
15 26 24.4330662
16 26 168620.838
17 26 -18719.7269
18 26 -9660.00897
19 26 -2089.95863
20 26 -27071.5917
21 26 -603.45482
22 26 606628.813
23 26 -37472.2958
24 26 -112475.528
25 26 2938.0945
26 26 50418.4916
27 26 692.756218
28 26 -1269369.02
29 26 30536.6718
30 26 119423.02
31 26 -281.178063
32 26 -11210.3954
33 26 -461.578337
34 26 359115.865
35 26 -9995.27901
36 26 16930.472
37 26 751.335317
38 26 -5698.8304
39 26 22.3265861
40 26 176614.441
41 26 17417.686
42 26 2347.76398
1 27 -31.9540587
2 27 13.3322933
3 27 -5.16240817
4 27 -417.09649
5 27 -1006.26681
6 27 -155.732853
7 27 -240.577068
8 27 65.2842629
9 27 16.2577213
10 27 -2158.39958
11 27 -7927.01589
12 27 -391.565479
13 27 -301.423675
14 27 116.264433
15 27 94.0514924
16 27 -2922.36179
17 27 -8851.40998
18 27 50.1010766
19 27 1318.91132
20 27 -602.142605
21 27 -668.251035
22 27 17460.6709
23 27 23958.9114
24 27 34.0210188
25 27 -405.434111
26 27 692.756218
27 27 920.971821
28 27 -26342.0607
29 27 7569.98428
30 27 203.194408
31 27 -379.143309
32 27 -300.531319
33 27 -331.264232
34 27 12034.0996
35 27 -13631.0698
36 27 -260.740646
37 27 44.2121839
38 27 21.5988956
39 27 -18.2690009
40 27 1277.6933
41 27 -1720.69141
42 27 -8.31220737
1 28 893.655831
2 28 9488.30937
3 28 457.96712
4 28 -531382.997
5 28 36422.0435
6 28 -177288.889
7 28 5717.791
8 28 30903.4616
9 28 904.304687
10 28 -1497911.96
11 28 189101.324
12 28 -80106.2469
13 28 9580.10256
14 28 107945.257
15 28 286.929907
16 28 -5281374.03
17 28 224869.796
18 28 16357.1764
19 28 26645.6557
20 28 466950.772
21 28 14167.6867
22 28 -15657368.2
23 28 576274.552
24 28 1027983.75
25 28 -30739.8662
26 28 -1269369.02
27 28 -26342.0607
28 28 47835516.1
29 28 -296587.927
30 28 -316297.007
31 28 11019.2502
32 28 403305.899
33 28 18895.1157
34 28 -15313507.8
35 28 461214.075
36 28 -741222.883
37 28 -26751.5207
38 28 246615.32
39 28 1446.65529
40 28 -9226976.53
41 28 -617137.66
42 28 -320484.797
1 29 -4989.59589
2 29 -1031.15187
3 29 -2098.27216
4 29 40627.5499
5 29 -419385.918
6 29 -3633.0173
7 29 -6987.87216
8 29 -6610.77861
9 29 -2922.2493
10 29 235930.761
11 29 -728256.8
12 29 -18334.6901
13 29 -33775.2369
14 29 -14264.4145
15 29 -3264.61982
16 29 471520.337
17 29 -2949444.29
18 29 -198683.275
19 29 -298841.082
20 29 -29766.5087
21 29 7548.86383
22 29 718634.244
23 29 -13247337.3
24 29 -712506.401
25 29 915017.224
26 29 30536.6718
27 29 7569.98428
28 29 -296587.927
29 29 42319245
30 29 1913911.35
31 29 -362916.972
32 29 -5462.25252
33 29 -14825.995
34 29 245732.17
35 29 -14778447.3
36 29 -935563.988
37 29 -202501.493
38 29 26252.8792
39 29 766.163413
40 29 -554597.898
41 29 -8200606.09
42 29 -247556.725
1 30 -286.407583
2 30 -1263.32473
3 30 -126.562299
4 30 52403.4649
5 30 -16534.867
6 30 9212.91261
7 30 -1535.82422
8 30 -7140.20605
9 30 -337.019816
10 30 248131.053
11 30 -59650.3055
12 30 -18319.7479
13 30 -6393.05454
14 30 -11137.2617
15 30 -93.1903569
16 30 223906.33
17 30 -263529.263
18 30 -187774.965
19 30 -26601.6972
20 30 -121923.267
21 30 -1078.50559
22 30 1919997.64
23 30 -804472.735
24 30 -1047827.29
25 30 55148.4887
26 30 119423.02
27 30 203.194408
28 30 -316297.007
29 30 1913911.35
30 30 1967372.01
31 30 -17528.0238
32 30 19173.1523
33 30 232.126228
34 30 -760697.937
35 30 -698021.294
36 30 -518750.665
37 30 -1655.01416
38 30 3015.0504
39 30 18.8824992
40 30 -313314.386
41 30 -199719.904
42 30 -125138.099
1 31 -124.242154
2 31 37.1524694
3 31 -42.8102253
4 31 -1703.99583
5 31 -6282.30618
6 31 -618.519472
7 31 -280.960684
8 31 25.9494572
9 31 -37.3421922
10 31 -1109.5885
11 31 -14845.623
12 31 -302.682976
13 31 -946.317161
14 31 -31.6641355
15 31 -6.00688812
16 31 1739.4319
17 31 -50931.0257
18 31 -660.858479
19 31 -2992.25051
20 31 -18.5155898
21 31 -54.9257982
22 31 1164.53004
23 31 -132572.865
24 31 -1833.94498
25 31 -9300.6137
26 31 -281.178063
27 31 -379.143309
28 31 11019.2502
29 31 -362916.972
30 31 -17528.0238
31 31 23741.8222
32 31 -1013.48196
33 31 247.279736
34 31 24520.1397
35 31 885935.379
36 31 36905.9163
37 31 -9979.6936
38 31 1004.93996
39 31 70.119625
40 31 -16088.0867
41 31 -321701.433
42 31 -9718.29633
1 32 19.0824439
2 32 -192.006436
3 32 5.52269063
4 32 9009.64537
5 32 959.877043
6 32 3576.43045
7 32 34.3509548
8 32 -347.049529
9 32 -0.0660305773
10 32 17815.5305
11 32 1578.78103
12 32 2593.80221
13 32 29.429104
14 32 -980.579744
15 32 -5.48180393
16 32 52686.7992
17 32 1585.48467
18 32 1293.69807
19 32 66.1978246
20 32 -3464.25684
21 32 -3.38601941
22 32 150544.9
23 32 2461.82409
24 32 8469.73826
25 32 -129.874811
26 32 -11210.3954
27 32 -300.531319
28 32 403305.899
29 32 -5462.25252
30 32 19173.1523
31 32 -1013.48196
32 32 30701.5768
33 32 663.338783
34 32 -1046572.46
35 32 -23989.3347
36 32 -52125.4853
37 32 1360.38359
38 32 -14340.8161
39 32 -73.1695414
40 32 393395.398
41 32 26261.1044
42 32 29848.1299
1 33 9.05616736
2 33 -0.121178442
3 33 3.3963715
4 33 6.72643915
5 33 479.901348
6 33 7.91378193
7 33 2.62949869
8 33 -0.478526926
9 33 -0.628918984
10 33 57.4965866
11 33 58.2307736
12 33 9.5649483
13 33 15.7959744
14 33 -6.7170189
15 33 -4.61606886
16 33 818.092148
17 33 138.526176
18 33 22.8019901
19 33 16.4168473
20 33 -24.6402669
21 33 -22.9008349
22 33 2104.33188
23 33 -886.079424
24 33 113.979135
25 33 -379.742823
26 33 -461.578337
27 33 -331.264232
28 33 18895.1157
29 33 -14825.995
30 33 232.126228
31 33 247.279736
32 33 663.338783
33 33 535.060666
34 33 -28754.4922
35 33 14757.1557
36 33 -530.805026
37 33 76.1876224
38 33 -172.68198
39 33 -121.984179
40 33 7471.09053
41 33 -1084.03525
42 33 481.488533
1 34 -470.43657
2 34 5091.58896
3 34 -129.510221
4 34 -240085.453
5 34 -23555.8029
6 34 -96988.8251
7 34 -851.392079
8 34 10453.8796
9 34 50.6935773
10 34 -563788.082
11 34 -39281.7723
12 34 -86925.8729
13 34 -1071.85909
14 34 35667.3585
15 34 537.89876
16 34 -2187177.45
17 34 -66424.6567
18 34 -98642.9964
19 34 -1853.96111
20 34 119306.68
21 34 1021.63795
22 34 -5768024.47
23 34 -59882.5565
24 34 -390214.941
25 34 5085.52182
26 34 359115.865
27 34 12034.0996
28 34 -15313507.8
29 34 245732.17
30 34 -760697.937
31 34 24520.1397
32 34 -1046572.46
33 34 -28754.4922
34 34 42712614.2
35 34 469301.912
36 34 1951321.58
37 34 -38137.4528
38 34 512671.276
39 34 5701.45387
40 34 -17612671.2
41 34 -787731.809
42 34 -957683.156
1 35 -2969.53244
2 35 917.263964
3 35 -1012.36704
4 35 -42147.4054
5 35 -149308.12
6 35 -15267.8725
7 35 -8616.88203
8 35 571.476761
9 35 -1202.14787
10 35 -22986.1712
11 35 -482669.726
12 35 -10948.4588
13 35 -34512.7725
14 35 -1201.80204
15 35 -782.967254
16 35 73153.3676
17 35 -2122793.55
18 35 -55623.1312
19 35 -105535.287
20 35 -1070.35953
21 35 -3334.15834
22 35 80096.7672
23 35 -5251996.16
24 35 -130392.526
25 35 -326740.521
26 35 -9995.27901
27 35 -13631.0698
28 35 461214.075
29 35 -14778447.3
30 35 -698021.294
31 35 885935.379
32 35 -23989.3347
33 35 14757.1557
34 35 469301.912
35 35 38893109
36 35 1722139.17
37 35 -403808.339
38 35 24234.3403
39 35 -1019.28649
40 35 -300271.714
41 35 -15689768.3
42 35 -520832.978
1 36 86.8640706
2 36 35.0358016
3 36 35.3448321
4 36 -2631.14319
5 36 4575.54672
6 36 -2452.09659
7 36 28.7795676
8 36 114.643594
9 36 4.95520484
10 36 -10330.0099
11 36 -1405.30704
12 36 -4493.43899
13 36 -741.335015
14 36 516.859588
15 36 -11.1004159
16 36 -72608.9092
17 36 -74154.7748
18 36 -21572.0542
19 36 -2604.00213
20 36 5290.74825
21 36 -44.3128447
22 36 -313111.252
23 36 -187591.626
24 36 -94856.6574
25 36 -21115.1944
26 36 16930.472
27 36 -260.740646
28 36 -741222.883
29 36 -935563.988
30 36 -518750.665
31 36 36905.9163
32 36 -52125.4853
33 36 -530.805026
34 36 1951321.58
35 36 1722139.17
36 36 1107768.74
37 36 -12943.0887
38 36 29105.6538
39 36 307.281376
40 36 -668388.196
41 36 -555403.809
42 36 -458424.933
7 37 -72.5076958
8 37 56.6535266
9 37 -3.54916531
10 37 -3019.66775
11 37 -4432.37152
12 37 -424.612348
13 37 -591.542909
14 37 263.032081
15 37 -5.29632128
16 37 -12415.4451
17 37 -34306.5065
18 37 -335.2682
19 37 -1901.35672
20 37 533.748795
21 37 -20.8536373
22 37 -21267.5603
23 37 -91341.9966
24 37 -621.234182
25 37 -4458.40937
26 37 751.335317
27 37 44.2121839
28 37 -26751.5207
29 37 -202501.493
30 37 -1655.01416
31 37 -9979.6936
32 37 1360.38359
33 37 76.1876224
34 37 -38137.4528
35 37 -403808.339
36 37 -12943.0887
37 37 17124.2268
38 37 -2801.4112
39 37 -257.66981
40 37 57689.721
41 37 553247.077
42 37 12614.7579
7 38 46.5137241
8 38 -253.584906
9 38 1.32032462
10 38 13902.1525
11 38 2497.42917
12 38 2128.53136
13 38 222.406327
14 38 -940.16453
15 38 -3.10995616
16 38 51353.085
17 38 10731.2267
18 38 653.911079
19 38 522.887106
20 38 -2679.85946
21 38 2.58538156
22 38 122711.838
23 38 20749.9106
24 38 1369.05122
25 38 756.523283
26 38 -5698.8304
27 38 21.5988956
28 38 246615.32
29 38 26252.8792
30 38 3015.0504
31 38 1004.93996
32 38 -14340.8161
33 38 -172.68198
34 38 512671.276
35 38 24234.3403
36 38 29105.6538
37 38 -2801.4112
38 38 24034.5986
39 38 56.9764109
40 38 -683736.937
41 38 -57374.9857
42 38 -30933.7271
7 39 13.2855843
8 39 -0.933282107
9 39 2.34613347
10 39 78.2362474
11 39 657.5688
12 39 24.2851089
13 39 11.8645721
14 39 -2.65069277
15 39 -0.361346864
16 39 425.060799
17 39 73.8533165
18 39 4.32256994
19 39 38.0395824
20 39 0.136045945
21 39 -6.3655166
22 39 928.606453
23 39 231.074072
24 39 9.57307335
25 39 107.992347
26 39 22.3265861
27 39 -18.2690009
28 39 1446.65529
29 39 766.163413
30 39 18.8824992
31 39 70.119625
32 39 -73.1695414
33 39 -121.984179
34 39 5701.45387
35 39 -1019.28649
36 39 307.281376
37 39 -257.66981
38 39 56.9764109
39 39 210.567214
40 39 -8453.27259
41 39 2455.76418
42 39 -314.735237
7 40 -1119.39753
8 40 6435.37939
9 40 -5.92484824
10 40 -377947.371
11 40 -61770.7225
12 40 -61383.9924
13 40 -4989.29386
14 40 27181.3765
15 40 305.860229
16 40 -1735323.85
17 40 -258915.044
18 40 -65390.5013
19 40 -11610.1573
20 40 76148.3208
21 40 706.969269
22 40 -4056000.29
23 40 -466842.359
24 40 -156661.739
25 40 -16867.6486
26 40 176614.441
27 40 1277.6933
28 40 -9226976.53
29 40 -554597.898
30 40 -313314.386
31 40 -16088.0867
32 40 393395.398
33 40 7471.09053
34 40 -17612671.2
35 40 -300271.714
36 40 -668388.196
37 40 57689.721
38 40 -683736.937
39 40 -8453.27259
40 40 25616017
41 40 1184732.64
42 40 1121593.59
7 41 -2233.10738
8 41 1337.59347
9 41 -197.421324
10 41 -72562.9273
11 41 -156845.03
12 41 -13668.7783
13 41 -19096.3883
14 41 5635.58137
15 41 -573.250053
16 41 -274028.067
17 41 -1321396.56
18 41 -36116.2376
19 41 -58343.3982
20 41 11953.6309
21 41 -1818.22323
22 41 -485548.695
23 41 -3326434.47
24 41 -89170.4538
25 41 -147834.832
26 41 17417.686
27 41 -1720.69141
28 41 -617137.66
29 41 -8200606.09
30 41 -199719.904
31 41 -321701.433
32 41 26261.1044
33 41 -1084.03525
34 41 -787731.809
35 41 -15689768.3
36 41 -555403.809
37 41 553247.077
38 41 -57374.9857
39 41 2455.76418
40 41 1184732.64
41 41 22913179.5
42 41 802657.355
7 42 65.4712358
8 42 169.635795
9 42 13.603656
10 42 -12753.9216
11 42 948.463965
12 42 -4486.35069
13 42 -87.9776758
14 42 -161.9893
15 42 -7.19521734
16 42 -33591.9813
17 42 -32141.2525
18 42 -16867.6567
19 42 -108.78013
20 42 -1079.88648
21 42 -15.0072132
22 42 -57811.9718
23 42 -79911.8032
24 42 -42525.411
25 42 -2041.83361
26 42 2347.76398
27 42 -8.31220737
28 42 -320484.797
29 42 -247556.725
30 42 -125138.099
31 42 -9718.29633
32 42 29848.1299
33 42 481.488533
34 42 -957683.156
35 42 -520832.978
36 42 -458424.933
37 42 12614.7579
38 42 -30933.7271
39 42 -314.735237
40 42 1121593.59
41 42 802657.355
42 42 651691.835
